-0.043573 -0.185696 -0 0.542213 0.996798
-0.0441244 -0.185696 -0 0.542213 0.996798
-0.0871459 -0.185696 -0 0.594581 0.986168
-0.0441244 -0.185696 -0 0.542213 0.996798
-0.0882487 -0.185696 -0 0.595517 0.985881
-0.0871459 -0.185696 -0 0.594581 0.986168
-0.0871459 -0.185696 -0 0.594581 0.986168
-0.0882487 -0.185696 -0 0.595517 0.985881
-0.130719 -0.185696 -0 0.642224 0.969705
-0.0882487 -0.185696 -0 0.595517 0.985881
-0.132373 -0.185696 -0 0.643901 0.96895
-0.130719 -0.185696 -0 0.642224 0.969705
-0.130719 -0.185696 -0 0.642224 0.969705
-0.132373 -0.185696 -0 0.643901 0.96895
-0.174292 -0.185696 -0 0.684985 0.948976
-0.132373 -0.185696 -0 0.643901 0.96895
-0.176497 -0.185696 -0 0.686447 0.948113
-0.174292 -0.185696 -0 0.684985 0.948976
-0.174292 -0.185696 -0 0.684985 0.948976
-0.176497 -0.185696 -0 0.686447 0.948113
-0.217865 -0.185696 -0 0.721168 0.926661
-0.176497 -0.185696 -0 0.686447 0.948113
-0.220622 -0.185696 -0 0.72367 0.924847
-0.217865 -0.185696 -0 0.721168 0.926661
-0.217865 -0.185696 -0 0.721168 0.926661
-0.220622 -0.185696 -0 0.72367 0.924847
-0.261438 -0.185696 -0 0.752531 0.903355
-0.220622 -0.185696 -0 0.72367 0.924847
-0.264747 -0.185696 -0 0.754654 0.901544
-0.261438 -0.185696 -0 0.752531 0.903355
-0.261438 -0.185696 -0 0.752531 0.903355
-0.264747 -0.185696 -0 0.754654 0.901544
-0.305012 -0.185696 -0 0.779008 0.880509
-0.264747 -0.185696 -0 0.754654 0.901544
-0.308871 -0.185696 -0 0.781248 0.878323
-0.305012 -0.185696 -0 0.779008 0.880509
-0.305012 -0.185696 -0 0.779008 0.880509
-0.308871 -0.185696 -0 0.781248 0.878323
-0.348584 -0.185696 -0 0.801712 0.858319
-0.308871 -0.185696 -0 0.781248 0.878323
-0.352996 -0.185696 -0 0.803976 0.855843
-0.348584 -0.185696 -0 0.801712 0.858319
-0.348584 -0.185696 -0 0.801712 0.858319
-0.352996 -0.185696 -0 0.803976 0.855843
-0.392158 -0.186806 -0 0.820435 0.837514
-0.352996 -0.185696 -0 0.803976 0.855843
-0.39712 -0.185696 -0 0.822515 0.836083
-0.392158 -0.186806 -0 0.820435 0.837514
-0.392158 -0.186806 -0 0.820435 0.837514
-0.39712 -0.185696 -0 0.822515 0.836083
-0.43573 -0.207562 -0 0.833786 0.807829
-0.39712 -0.185696 -0 0.822515 0.836083
-0.441244 -0.185696 -0 0.838703 0.816691
-0.43573 -0.207562 -0 0.833786 0.807829
-0.043573 -0.185696 -0 0.542213 0.996798
-0.0871459 -0.185696 -0 0.594581 0.986168
-0.0858046 -0.185696 -0 0.592704 0.986735
-0.0858046 -0.185696 -0 0.592704 0.986735
-0.0871459 -0.185696 -0 0.594581 0.986168
-0.128707 -0.185696 -0 0.64054 0.970454
-0.0871459 -0.185696 -0 0.594581 0.986168
-0.130719 -0.185696 -0 0.642224 0.969705
-0.128707 -0.185696 -0 0.64054 0.970454
-0.128707 -0.185696 -0 0.64054 0.970454
-0.130719 -0.185696 -0 0.642224 0.969705
-0.171609 -0.185696 -0 0.68204 0.950693
-0.130719 -0.185696 -0 0.642224 0.969705
-0.174292 -0.185696 -0 0.684985 0.948976
-0.171609 -0.185696 -0 0.68204 0.950693
-0.171609 -0.185696 -0 0.68204 0.950693
-0.174292 -0.185696 -0 0.684985 0.948976
-0.214511 -0.185696 -0 0.718636 0.928472
-0.174292 -0.185696 -0 0.684985 0.948976
-0.217865 -0.185696 -0 0.721168 0.926661
-0.214511 -0.185696 -0 0.718636 0.928472
-0.214511 -0.185696 -0 0.718636 0.928472
-0.217865 -0.185696 -0 0.721168 0.926661
-0.257414 -0.185696 -0 0.749841 0.905622
-0.217865 -0.185696 -0 0.721168 0.926661
-0.261438 -0.185696 -0 0.752531 0.903355
-0.257414 -0.185696 -0 0.749841 0.905622
-0.257414 -0.185696 -0 0.749841 0.905622
-0.261438 -0.185696 -0 0.752531 0.903355
-0.300316 -0.185696 -0 0.776274 0.883143
-0.261438 -0.185696 -0 0.752531 0.903355
-0.305012 -0.185696 -0 0.779008 0.880509
-0.300316 -0.185696 -0 0.776274 0.883143
-0.300316 -0.185696 -0 0.776274 0.883143
-0.305012 -0.185696 -0 0.779008 0.880509
-0.343218 -0.198255 -0 0.797283 0.853743
-0.305012 -0.185696 -0 0.779008 0.880509
-0.348584 -0.185696 -0 0.801712 0.858319
-0.343218 -0.198255 -0 0.797283 0.853743
-0.343218 -0.198255 -0 0.797283 0.853743
-0.348584 -0.185696 -0 0.801712 0.858319
-0.38612 -0.223037 -0 0.812456 0.821145
-0.348584 -0.185696 -0 0.801712 0.858319
-0.392158 -0.186806 -0 0.820435 0.837514
-0.38612 -0.223037 -0 0.812456 0.821145
-0.38612 -0.223037 -0 0.812456 0.821145
-0.392158 -0.186806 -0 0.820435 0.837514
-0.429022 -0.247818 -0 0.825104 0.791527
-0.392158 -0.186806 -0 0.820435 0.837514
-0.43573 -0.207562 -0 0.833786 0.807829
-0.429022 -0.247818 -0 0.825104 0.791527
-0.0842278 -0.185696 -0 0.590822 0.987293
-0.0858046 -0.185696 -0 0.592704 0.986735
-0.126342 -0.185696 -0 0.637999 0.971569
-0.0858046 -0.185696 -0 0.592704 0.986735
-0.128707 -0.185696 -0 0.64054 0.970454
-0.126342 -0.185696 -0 0.637999 0.971569
-0.126342 -0.185696 -0 0.637999 0.971569
-0.128707 -0.185696 -0 0.64054 0.970454
-0.168456 -0.185696 -0 0.679062 0.952399
-0.128707 -0.185696 -0 0.64054 0.970454
-0.171609 -0.185696 -0 0.68204 0.950693
-0.168456 -0.185696 -0 0.679062 0.952399
-0.168456 -0.185696 -0 0.679062 0.952399
-0.171609 -0.185696 -0 0.68204 0.950693
-0.210569 -0.185696 -0 0.71543 0.930731
-0.171609 -0.185696 -0 0.68204 0.950693
-0.214511 -0.185696 -0 0.718636 0.928472
-0.210569 -0.185696 -0 0.71543 0.930731
-0.210569 -0.185696 -0 0.71543 0.930731
-0.214511 -0.185696 -0 0.718636 0.928472
-0.252684 -0.185696 -0 0.746559 0.908346
-0.214511 -0.185696 -0 0.718636 0.928472
-0.257414 -0.185696 -0 0.749841 0.905622
-0.252684 -0.185696 -0 0.746559 0.908346
-0.252684 -0.185696 -0 0.746559 0.908346
-0.257414 -0.185696 -0 0.749841 0.905622
-0.294797 -0.201177 -0 0.771123 0.876276
-0.257414 -0.185696 -0 0.749841 0.905622
-0.300316 -0.185696 -0 0.776274 0.883143
-0.294797 -0.201177 -0 0.771123 0.876276
-0.294797 -0.201177 -0 0.771123 0.876276
-0.300316 -0.185696 -0 0.776274 0.883143
-0.336912 -0.229917 -0 0.789239 0.838934
-0.300316 -0.185696 -0 0.776274 0.883143
-0.343218 -0.198255 -0 0.797283 0.853743
-0.336912 -0.229917 -0 0.789239 0.838934
-0.336912 -0.229917 -0 0.789239 0.838934
-0.343218 -0.198255 -0 0.797283 0.853743
-0.379024 -0.258656 -0 0.803876 0.805292
-0.343218 -0.198255 -0 0.797283 0.853743
-0.38612 -0.223037 -0 0.812456 0.821145
-0.379024 -0.258656 -0 0.803876 0.805292
-0.379024 -0.258656 -0 0.803876 0.805292
-0.38612 -0.223037 -0 0.812456 0.821145
-0.421139 -0.287396 -0 0.815746 0.775778
-0.38612 -0.223037 -0 0.812456 0.821145
-0.429022 -0.247818 -0 0.825104 0.791527
-0.421139 -0.287396 -0 0.815746 0.775778
-0.0824202 -0.185696 -0 0.588933 0.987844
-0.0842278 -0.185696 -0 0.590822 0.987293
-0.12363 -0.185696 -0 0.634585 0.973034
-0.0842278 -0.185696 -0 0.590822 0.987293
-0.126342 -0.185696 -0 0.637999 0.971569
-0.12363 -0.185696 -0 0.634585 0.973034
-0.12363 -0.185696 -0 0.634585 0.973034
-0.126342 -0.185696 -0 0.637999 0.971569
-0.16484 -0.185696 -0 0.676054 0.954092
-0.126342 -0.185696 -0 0.637999 0.971569
-0.168456 -0.185696 -0 0.679062 0.952399
-0.16484 -0.185696 -0 0.676054 0.954092
-0.16484 -0.185696 -0 0.676054 0.954092
-0.168456 -0.185696 -0 0.679062 0.952399
-0.206051 -0.185696 -0 0.711521 0.933433
-0.168456 -0.185696 -0 0.679062 0.952399
-0.210569 -0.185696 -0 0.71543 0.930731
-0.206051 -0.185696 -0 0.711521 0.933433
-0.206051 -0.185696 -0 0.711521 0.933433
-0.210569 -0.185696 -0 0.71543 0.930731
-0.24726 -0.195711 -0 0.7418 0.903908
-0.210569 -0.185696 -0 0.71543 0.930731
-0.252684 -0.185696 -0 0.746559 0.908346
-0.24726 -0.195711 -0 0.7418 0.903908
-0.24726 -0.195711 -0 0.7418 0.903908
-0.252684 -0.185696 -0 0.746559 0.908346
-0.28847 -0.22833 -0 0.763232 0.862528
-0.252684 -0.185696 -0 0.746559 0.908346
-0.294797 -0.201177 -0 0.771123 0.876276
-0.28847 -0.22833 -0 0.763232 0.862528
-0.28847 -0.22833 -0 0.763232 0.862528
-0.294797 -0.201177 -0 0.771123 0.876276
-0.32968 -0.260948 -0 0.780938 0.823706
-0.294797 -0.201177 -0 0.771123 0.876276
-0.336912 -0.229917 -0 0.789239 0.838934
-0.32968 -0.260948 -0 0.780938 0.823706
-0.32968 -0.260948 -0 0.780938 0.823706
-0.336912 -0.229917 -0 0.789239 0.838934
-0.370891 -0.293567 -0 0.794829 0.789834
-0.336912 -0.229917 -0 0.789239 0.838934
-0.379024 -0.258656 -0 0.803876 0.805292
-0.370891 -0.293567 -0 0.794829 0.789834
-0.0803869 -0.185696 -0 0.586088 0.988653
-0.0824202 -0.185696 -0 0.588933 0.987844
-0.12058 -0.185696 -0 0.631141 0.974476
-0.0824202 -0.185696 -0 0.588933 0.987844
-0.12363 -0.185696 -0 0.634585 0.973034
-0.12058 -0.185696 -0 0.631141 0.974476
-0.12058 -0.185696 -0 0.631141 0.974476
-0.12363 -0.185696 -0 0.634585 0.973034
-0.160774 -0.185696 -0 0.67225 0.95619
-0.12363 -0.185696 -0 0.634585 0.973034
-0.16484 -0.185696 -0 0.676054 0.954092
-0.160774 -0.185696 -0 0.67225 0.95619
-0.160774 -0.185696 -0 0.67225 0.95619
-0.16484 -0.185696 -0 0.676054 0.954092
-0.200967 -0.185696 -0 0.707824 0.935285
-0.16484 -0.185696 -0 0.676054 0.954092
-0.206051 -0.185696 -0 0.711521 0.933433
-0.200967 -0.185696 -0 0.707824 0.935285
-0.200967 -0.185696 -0 0.707824 0.935285
-0.206051 -0.185696 -0 0.711521 0.933433
-0.241161 -0.218449 -0 0.734286 0.891486
-0.206051 -0.185696 -0 0.711521 0.933433
-0.24726 -0.195711 -0 0.7418 0.903908
-0.241161 -0.218449 -0 0.734286 0.891486
-0.241161 -0.218449 -0 0.734286 0.891486
-0.24726 -0.195711 -0 0.7418 0.903908
-0.281354 -0.254857 -0 0.755002 0.848693
-0.24726 -0.195711 -0 0.7418 0.903908
-0.28847 -0.22833 -0 0.763232 0.862528
-0.281354 -0.254857 -0 0.755002 0.848693
-0.281354 -0.254857 -0 0.755002 0.848693
-0.28847 -0.22833 -0 0.763232 0.862528
-0.321547 -0.291265 -0 0.771687 0.809621
-0.28847 -0.22833 -0 0.763232 0.862528
-0.32968 -0.260948 -0 0.780938 0.823706
-0.321547 -0.291265 -0 0.771687 0.809621
-0.321547 -0.291265 -0 0.771687 0.809621
-0.32968 -0.260948 -0 0.780938 0.823706
-0.36174 -0.327673 -0 0.785047 0.775413
-0.32968 -0.260948 -0 0.780938 0.823706
-0.370891 -0.293567 -0 0.794829 0.789834
-0.36174 -0.327673 -0 0.785047 0.775413
-0.0781329 -0.185696 -0 0.584185 0.989182
-0.0803869 -0.185696 -0 0.586088 0.988653
-0.117199 -0.185696 -0 0.627668 0.975894
-0.0803869 -0.185696 -0 0.586088 0.988653
-0.12058 -0.185696 -0 0.631141 0.974476
-0.117199 -0.185696 -0 0.627668 0.975894
-0.117199 -0.185696 -0 0.627668 0.975894
-0.12058 -0.185696 -0 0.631141 0.974476
-0.156266 -0.185696 -0 0.667878 0.957862
-0.12058 -0.185696 -0 0.631141 0.974476
-0.160774 -0.185696 -0 0.67225 0.95619
-0.156266 -0.185696 -0 0.667878 0.957862
-0.156266 -0.185696 -0 0.667878 0.957862
-0.160774 -0.185696 -0 0.67225 0.95619
-0.195332 -0.200489 -0 0.701179 0.92735
-0.160774 -0.185696 -0 0.67225 0.95619
-0.200967 -0.185696 -0 0.707824 0.935285
-0.195332 -0.200489 -0 0.701179 0.92735
-0.195332 -0.200489 -0 0.701179 0.92735
-0.200967 -0.185696 -0 0.707824 0.935285
-0.234399 -0.240587 -0 0.726043 0.87925
-0.200967 -0.185696 -0 0.707824 0.935285
-0.241161 -0.218449 -0 0.734286 0.891486
-0.234399 -0.240587 -0 0.726043 0.87925
-0.234399 -0.240587 -0 0.726043 0.87925
-0.241161 -0.218449 -0 0.734286 0.891486
-0.273466 -0.280685 -0 0.746074 0.835767
-0.241161 -0.218449 -0 0.734286 0.891486
-0.281354 -0.254857 -0 0.755002 0.848693
-0.273466 -0.280685 -0 0.746074 0.835767
-0.273466 -0.280685 -0 0.746074 0.835767
-0.281354 -0.254857 -0 0.755002 0.848693
-0.312532 -0.320783 -0 0.762003 0.796303
-0.281354 -0.254857 -0 0.755002 0.848693
-0.321547 -0.291265 -0 0.771687 0.809621
-0.312532 -0.320783 -0 0.762003 0.796303
-0.312532 -0.320783 -0 0.762003 0.796303
-0.321547 -0.291265 -0 0.771687 0.809621
-0.351599 -0.360881 -0 0.77459 0.762063
-0.321547 -0.291265 -0 0.771687 0.809621
-0.36174 -0.327673 -0 0.785047 0.775413
-0.351599 -0.360881 -0 0.77459 0.762063
-0.075665 -0.185696 -0 0.581319 0.989959
-0.0781329 -0.185696 -0 0.584185 0.989182
-0.113497 -0.185696 -0 0.624382 0.976498
-0.0781329 -0.185696 -0 0.584185 0.989182
-0.117199 -0.185696 -0 0.627668 0.975894
-0.113497 -0.185696 -0 0.624382 0.976498
-0.113497 -0.185696 -0 0.624382 0.976498
-0.117199 -0.185696 -0 0.627668 0.975894
-0.15133 -0.185696 -0 0.663174 0.960319
-0.117199 -0.185696 -0 0.627668 0.975894
-0.156266 -0.185696 -0 0.667878 0.957862
-0.15133 -0.185696 -0 0.663174 0.960319
-0.15133 -0.185696 -0 0.663174 0.960319
-0.156266 -0.185696 -0 0.667878 0.957862
-0.189163 -0.218389 -0 0.693654 0.917026
-0.156266 -0.185696 -0 0.667878 0.957862
-0.195332 -0.200489 -0 0.701179 0.92735
-0.189163 -0.218389 -0 0.693654 0.917026
-0.189163 -0.218389 -0 0.693654 0.917026
-0.195332 -0.200489 -0 0.701179 0.92735
-0.226994 -0.262066 -0 0.717591 0.868195
-0.195332 -0.200489 -0 0.701179 0.92735
-0.234399 -0.240587 -0 0.726043 0.87925
-0.226994 -0.262066 -0 0.717591 0.868195
-0.226994 -0.262066 -0 0.717591 0.868195
-0.234399 -0.240587 -0 0.726043 0.87925
-0.264828 -0.305744 -0 0.736257 0.823621
-0.234399 -0.240587 -0 0.726043 0.87925
-0.273466 -0.280685 -0 0.746074 0.835767
-0.264828 -0.305744 -0 0.736257 0.823621
-0.264828 -0.305744 -0 0.736257 0.823621
-0.273466 -0.280685 -0 0.746074 0.835767
-0.302659 -0.349422 -0 0.75186 0.783574
-0.273466 -0.280685 -0 0.746074 0.835767
-0.312532 -0.320783 -0 0.762003 0.796303
-0.302659 -0.349422 -0 0.75186 0.783574
-0.302659 -0.349422 -0 0.75186 0.783574
-0.312532 -0.320783 -0 0.762003 0.796303
-0.340493 -0.393099 -0 0.763689 0.748148
-0.312532 -0.320783 -0 0.762003 0.796303
-0.351599 -0.360881 -0 0.77459 0.762063
-0.340493 -0.393099 -0 0.763689 0.748148
-0.0729897 -0.185696 -0 0.577478 0.990963
-0.075665 -0.185696 -0 0.581319 0.989959
-0.109484 -0.185696 -0 0.619959 0.978205
-0.075665 -0.185696 -0 0.581319 0.989959
-0.113497 -0.185696 -0 0.624382 0.976498
-0.109484 -0.185696 -0 0.619959 0.978205
-0.109484 -0.185696 -0 0.619959 0.978205
-0.113497 -0.185696 -0 0.624382 0.976498
-0.145979 -0.188551 -0 0.657792 0.960276
-0.113497 -0.185696 -0 0.624382 0.976498
-0.15133 -0.185696 -0 0.663174 0.960319
-0.145979 -0.188551 -0 0.657792 0.960276
-0.145979 -0.188551 -0 0.657792 0.960276
-0.15133 -0.185696 -0 0.663174 0.960319
-0.182474 -0.235689 -0 0.685483 0.906924
-0.15133 -0.185696 -0 0.663174 0.960319
-0.189163 -0.218389 -0 0.693654 0.917026
-0.182474 -0.235689 -0 0.685483 0.906924
-0.182474 -0.235689 -0 0.685483 0.906924
-0.189163 -0.218389 -0 0.693654 0.917026
-0.218969 -0.282827 -0 0.708259 0.857523
-0.189163 -0.218389 -0 0.693654 0.917026
-0.226994 -0.262066 -0 0.717591 0.868195
-0.218969 -0.282827 -0 0.708259 0.857523
-0.218969 -0.282827 -0 0.708259 0.857523
-0.226994 -0.262066 -0 0.717591 0.868195
-0.255463 -0.329965 -0 0.726424 0.812277
-0.226994 -0.262066 -0 0.717591 0.868195
-0.264828 -0.305744 -0 0.736257 0.823621
-0.255463 -0.329965 -0 0.726424 0.812277
-0.255463 -0.329965 -0 0.726424 0.812277
-0.264828 -0.305744 -0 0.736257 0.823621
-0.291959 -0.377103 -0 0.741095 0.770977
-0.264828 -0.305744 -0 0.736257 0.823621
-0.302659 -0.349422 -0 0.75186 0.783574
-0.291959 -0.377103 -0 0.741095 0.770977
-0.291959 -0.377103 -0 0.741095 0.770977
-0.302659 -0.349422 -0 0.75186 0.783574
-0.328453 -0.424239 -0 0.752348 0.735479
-0.302659 -0.349422 -0 0.75186 0.783574
-0.340493 -0.393099 -0 0.763689 0.748148
-0.328453 -0.424239 -0 0.752348 0.735479
-0.0701142 -0.185696 -0 0.574732 0.99093
-0.0729897 -0.185696 -0 0.577478 0.990963
-0.105171 -0.185696 -0 0.614594 0.980198
-0.0729897 -0.185696 -0 0.577478 0.990963
-0.109484 -0.185696 -0 0.619959 0.978205
-0.105171 -0.185696 -0 0.614594 0.980198
-0.105171 -0.185696 -0 0.614594 0.980198
-0.109484 -0.185696 -0 0.619959 0.978205
-0.140229 -0.201875 -0 0.650169 0.952316
-0.109484 -0.185696 -0 0.619959 0.978205
-0.145979 -0.188551 -0 0.657792 0.960276
-0.140229 -0.201875 -0 0.650169 0.952316
-0.140229 -0.201875 -0 0.650169 0.952316
-0.145979 -0.188551 -0 0.657792 0.960276
-0.175286 -0.252344 -0 0.677285 0.897886
-0.145979 -0.188551 -0 0.657792 0.960276
-0.182474 -0.235689 -0 0.685483 0.906924
-0.175286 -0.252344 -0 0.677285 0.897886
-0.175286 -0.252344 -0 0.677285 0.897886
-0.182474 -0.235689 -0 0.685483 0.906924
-0.210343 -0.302813 -0 0.698901 0.847025
-0.182474 -0.235689 -0 0.685483 0.906924
-0.218969 -0.282827 -0 0.708259 0.857523
-0.210343 -0.302813 -0 0.698901 0.847025
-0.210343 -0.302813 -0 0.698901 0.847025
-0.218969 -0.282827 -0 0.708259 0.857523
-0.245399 -0.353282 -0 0.715879 0.80038
-0.218969 -0.282827 -0 0.708259 0.857523
-0.255463 -0.329965 -0 0.726424 0.812277
-0.245399 -0.353282 -0 0.715879 0.80038
-0.245399 -0.353282 -0 0.715879 0.80038
-0.255463 -0.329965 -0 0.726424 0.812277
-0.280456 -0.403749 -0 0.729873 0.758838
-0.255463 -0.329965 -0 0.726424 0.812277
-0.291959 -0.377103 -0 0.741095 0.770977
-0.280456 -0.403749 -0 0.729873 0.758838
-0.280456 -0.403749 -0 0.729873 0.758838
-0.291959 -0.377103 -0 0.741095 0.770977
-0.315514 -0.454221 -0 0.740418 0.723503
-0.291959 -0.377103 -0 0.741095 0.770977
-0.328453 -0.424239 -0 0.752348 0.735479
-0.315514 -0.454221 -0 0.740418 0.723503
-0.0670467 -0.185696 -0 0.570847 0.991873
-0.0701142 -0.185696 -0 0.574732 0.99093
-0.10057 -0.185696 -0 0.609167 0.982127
-0.0701142 -0.185696 -0 0.574732 0.99093
-0.105171 -0.185696 -0 0.614594 0.980198
-0.10057 -0.185696 -0 0.609167 0.982127
-0.10057 -0.185696 -0 0.609167 0.982127
-0.105171 -0.185696 -0 0.614594 0.980198
-0.134093 -0.214645 -0 0.643174 0.944514
-0.105171 -0.185696 -0 0.614594 0.980198
-0.140229 -0.201875 -0 0.650169 0.952316
-0.134093 -0.214645 -0 0.643174 0.944514
-0.134093 -0.214645 -0 0.643174 0.944514
-0.140229 -0.201875 -0 0.650169 0.952316
-0.167617 -0.268307 -0 0.668041 0.888936
-0.140229 -0.201875 -0 0.650169 0.952316
-0.175286 -0.252344 -0 0.677285 0.897886
-0.167617 -0.268307 -0 0.668041 0.888936
-0.167617 -0.268307 -0 0.668041 0.888936
-0.175286 -0.252344 -0 0.677285 0.897886
-0.20114 -0.321969 -0 0.689134 0.836121
-0.175286 -0.252344 -0 0.677285 0.897886
-0.210343 -0.302813 -0 0.698901 0.847025
-0.20114 -0.321969 -0 0.689134 0.836121
-0.20114 -0.321969 -0 0.689134 0.836121
-0.210343 -0.302813 -0 0.698901 0.847025
-0.234663 -0.37563 -0 0.704986 0.790519
-0.210343 -0.302813 -0 0.698901 0.847025
-0.245399 -0.353282 -0 0.715879 0.80038
-0.234663 -0.37563 -0 0.704986 0.790519
-0.234663 -0.37563 -0 0.704986 0.790519
-0.245399 -0.353282 -0 0.715879 0.80038
-0.268186 -0.429292 -0 0.717583 0.747933
-0.245399 -0.353282 -0 0.715879 0.80038
-0.280456 -0.403749 -0 0.729873 0.758838
-0.268186 -0.429292 -0 0.717583 0.747933
-0.268186 -0.429292 -0 0.717583 0.747933
-0.280456 -0.403749 -0 0.729873 0.758838
-0.30171 -0.482955 -0 0.728353 0.71095
-0.280456 -0.403749 -0 0.729873 0.758838
-0.315514 -0.454221 -0 0.740418 0.723503
-0.30171 -0.482955 -0 0.728353 0.71095
-0.0637954 -0.185696 -0 0.566942 0.992779
-0.0670467 -0.185696 -0 0.570847 0.991873
-0.095693 -0.185696 -0 0.603679 0.98399
-0.0670467 -0.185696 -0 0.570847 0.991873
-0.10057 -0.185696 -0 0.609167 0.982127
-0.095693 -0.185696 -0 0.603679 0.98399
-0.095693 -0.185696 -0 0.603679 0.98399
-0.10057 -0.185696 -0 0.609167 0.982127
-0.127591 -0.226828 -0 0.634481 0.93727
-0.10057 -0.185696 -0 0.609167 0.982127
-0.134093 -0.214645 -0 0.643174 0.944514
-0.127591 -0.226828 -0 0.634481 0.93727
-0.127591 -0.226828 -0 0.634481 0.93727
-0.134093 -0.214645 -0 0.643174 0.944514
-0.159488 -0.283535 -0 0.659563 0.879302
-0.134093 -0.214645 -0 0.643174 0.944514
-0.167617 -0.268307 -0 0.668041 0.888936
-0.159488 -0.283535 -0 0.659563 0.879302
-0.159488 -0.283535 -0 0.659563 0.879302
-0.167617 -0.268307 -0 0.668041 0.888936
-0.191386 -0.340242 -0 0.678509 0.827675
-0.167617 -0.268307 -0 0.668041 0.888936
-0.20114 -0.321969 -0 0.689134 0.836121
-0.191386 -0.340242 -0 0.678509 0.827675
-0.191386 -0.340242 -0 0.678509 0.827675
-0.20114 -0.321969 -0 0.689134 0.836121
-0.223284 -0.396949 -0 0.693887 0.779083
-0.20114 -0.321969 -0 0.689134 0.836121
-0.234663 -0.37563 -0 0.704986 0.790519
-0.223284 -0.396949 -0 0.693887 0.779083
-0.223284 -0.396949 -0 0.693887 0.779083
-0.234663 -0.37563 -0 0.704986 0.790519
-0.255181 -0.453655 -0 0.706117 0.73787
-0.234663 -0.37563 -0 0.704986 0.790519
-0.268186 -0.429292 -0 0.717583 0.747933
-0.255181 -0.453655 -0 0.706117 0.73787
-0.255181 -0.453655 -0 0.706117 0.73787
-0.268186 -0.429292 -0 0.717583 0.747933
-0.287078 -0.510362 -0 0.715308 0.700122
-0.268186 -0.429292 -0 0.717583 0.747933
-0.30171 -0.482955 -0 0.728353 0.71095
-0.287078 -0.510362 -0 0.715308 0.700122
-0.060369 -0.185696 -0 0.563016 0.993646
-0.0637954 -0.185696 -0 0.566942 0.992779
-0.0905536 -0.185696 -0 0.598315 0.98501
-0.0637954 -0.185696 -0 0.566942 0.992779
-0.095693 -0.185696 -0 0.603679 0.98399
-0.0905536 -0.185696 -0 0.598315 0.98501
-0.0905536 -0.185696 -0 0.598315 0.98501
-0.095693 -0.185696 -0 0.603679 0.98399
-0.120738 -0.238388 -0 0.626838 0.929518
-0.095693 -0.185696 -0 0.603679 0.98399
-0.127591 -0.226828 -0 0.634481 0.93727
-0.120738 -0.238388 -0 0.626838 0.929518
-0.120738 -0.238388 -0 0.626838 0.929518
-0.127591 -0.226828 -0 0.634481 0.93727
-0.150923 -0.297985 -0 0.649875 0.871165
-0.127591 -0.226828 -0 0.634481 0.93727
-0.159488 -0.283535 -0 0.659563 0.879302
-0.150923 -0.297985 -0 0.649875 0.871165
-0.150923 -0.297985 -0 0.649875 0.871165
-0.159488 -0.283535 -0 0.659563 0.879302
-0.181107 -0.357582 -0 0.667938 0.817865
-0.159488 -0.283535 -0 0.659563 0.879302
-0.191386 -0.340242 -0 0.678509 0.827675
-0.181107 -0.357582 -0 0.667938 0.817865
-0.181107 -0.357582 -0 0.667938 0.817865
-0.191386 -0.340242 -0 0.678509 0.827675
-0.211292 -0.417178 -0 0.681928 0.770832
-0.191386 -0.340242 -0 0.678509 0.827675
-0.223284 -0.396949 -0 0.693887 0.779083
-0.211292 -0.417178 -0 0.681928 0.770832
-0.211292 -0.417178 -0 0.681928 0.770832
-0.223284 -0.396949 -0 0.693887 0.779083
-0.241477 -0.476776 -0 0.693326 0.728481
-0.223284 -0.396949 -0 0.693887 0.779083
-0.255181 -0.453655 -0 0.706117 0.73787
-0.241477 -0.476776 -0 0.693326 0.728481
-0.241477 -0.476776 -0 0.693326 0.728481
-0.255181 -0.453655 -0 0.706117 0.73787
-0.271662 -0.536373 -0 0.702367 0.691108
-0.255181 -0.453655 -0 0.706117 0.73787
-0.287078 -0.510362 -0 0.715308 0.700122
-0.271662 -0.536373 -0 0.702367 0.691108
-0.0567774 -0.185696 -0 0.558083 0.994676
-0.060369 -0.185696 -0 0.563016 0.993646
-0.0851661 -0.186972 -0 0.591938 0.986242
-0.060369 -0.185696 -0 0.563016 0.993646
-0.0905536 -0.185696 -0 0.598315 0.98501
-0.0851661 -0.186972 -0 0.591938 0.986242
-0.0851661 -0.186972 -0 0.591938 0.986242
-0.0905536 -0.185696 -0 0.598315 0.98501
-0.113555 -0.249295 -0 0.618242 0.923138
-0.0905536 -0.185696 -0 0.598315 0.98501
-0.120738 -0.238388 -0 0.626838 0.929518
-0.113555 -0.249295 -0 0.618242 0.923138
-0.113555 -0.249295 -0 0.618242 0.923138
-0.120738 -0.238388 -0 0.626838 0.929518
-0.141943 -0.311619 -0 0.639218 0.86347
-0.120738 -0.238388 -0 0.626838 0.929518
-0.150923 -0.297985 -0 0.649875 0.871165
-0.141943 -0.311619 -0 0.639218 0.86347
-0.141943 -0.311619 -0 0.639218 0.86347
-0.150923 -0.297985 -0 0.649875 0.871165
-0.170332 -0.373943 -0 0.655997 0.81004
-0.150923 -0.297985 -0 0.649875 0.871165
-0.181107 -0.357582 -0 0.667938 0.817865
-0.170332 -0.373943 -0 0.655997 0.81004
-0.170332 -0.373943 -0 0.655997 0.81004
-0.181107 -0.357582 -0 0.667938 0.817865
-0.198721 -0.436265 -0 0.669994 0.761311
-0.181107 -0.357582 -0 0.667938 0.817865
-0.211292 -0.417178 -0 0.681928 0.770832
-0.198721 -0.436265 -0 0.669994 0.761311
-0.198721 -0.436265 -0 0.669994 0.761311
-0.211292 -0.417178 -0 0.681928 0.770832
-0.227109 -0.498589 -0 0.680391 0.71774
-0.211292 -0.417178 -0 0.681928 0.770832
-0.241477 -0.476776 -0 0.693326 0.728481
-0.227109 -0.498589 -0 0.680391 0.71774
-0.227109 -0.498589 -0 0.680391 0.71774
-0.241477 -0.476776 -0 0.693326 0.728481
-0.255499 -0.560913 -0 0.688253 0.681175
-0.241477 -0.476776 -0 0.693326 0.728481
-0.271662 -0.536373 -0 0.702367 0.691108
-0.255499 -0.560913 -0 0.688253 0.681175
-0.113555 -0.249295 -0 0.618242 0.923138
-0.141943 -0.311619 -0 0.639218 0.86347
-0.132575 -0.324399 -0 0.629506 0.856933
-0.132575 -0.324399 -0 0.629506 0.856933
-0.141943 -0.311619 -0 0.639218 0.86347
-0.15909 -0.389278 -0 0.645109 0.802197
-0.141943 -0.311619 -0 0.639218 0.86347
-0.170332 -0.373943 -0 0.655997 0.81004
-0.15909 -0.389278 -0 0.645109 0.802197
-0.15909 -0.389278 -0 0.645109 0.802197
-0.170332 -0.373943 -0 0.655997 0.81004
-0.185605 -0.454156 -0 0.656895 0.752582
-0.170332 -0.373943 -0 0.655997 0.81004
-0.198721 -0.436265 -0 0.669994 0.761311
-0.185605 -0.454156 -0 0.656895 0.752582
-0.185605 -0.454156 -0 0.656895 0.752582
-0.198721 -0.436265 -0 0.669994 0.761311
-0.21212 -0.519039 -0 0.667037 0.709388
-0.198721 -0.436265 -0 0.669994 0.761311
-0.227109 -0.498589 -0 0.680391 0.71774
-0.21212 -0.519039 -0 0.667037 0.709388
-0.21212 -0.519039 -0 0.667037 0.709388
-0.227109 -0.498589 -0 0.680391 0.71774
-0.238635 -0.583917 -0 0.674877 0.671669
-0.227109 -0.498589 -0 0.680391 0.71774
-0.255499 -0.560913 -0 0.688253 0.681175
-0.238635 -0.583917 -0 0.674877 0.671669
-0.122844 -0.336289 -0 0.619234 0.849793
-0.132575 -0.324399 -0 0.629506 0.856933
-0.147412 -0.403545 -0 0.633309 0.795242
-0.132575 -0.324399 -0 0.629506 0.856933
-0.15909 -0.389278 -0 0.645109 0.802197
-0.147412 -0.403545 -0 0.633309 0.795242
-0.147412 -0.403545 -0 0.633309 0.795242
-0.15909 -0.389278 -0 0.645109 0.802197
-0.171981 -0.470805 -0 0.644723 0.745932
-0.15909 -0.389278 -0 0.645109 0.802197
-0.185605 -0.454156 -0 0.656895 0.752582
-0.171981 -0.470805 -0 0.644723 0.745932
-0.171981 -0.470805 -0 0.644723 0.745932
-0.185605 -0.454156 -0 0.656895 0.752582
-0.19655 -0.538061 -0 0.653668 0.701887
-0.185605 -0.454156 -0 0.656895 0.752582
-0.21212 -0.519039 -0 0.667037 0.709388
-0.19655 -0.538061 -0 0.653668 0.701887
-0.19655 -0.538061 -0 0.653668 0.701887
-0.21212 -0.519039 -0 0.667037 0.709388
-0.221118 -0.605321 -0 0.660333 0.663386
-0.21212 -0.519039 -0 0.667037 0.709388
-0.238635 -0.583917 -0 0.674877 0.671669
-0.221118 -0.605321 -0 0.660333 0.663386
-0.112775 -0.347258 -0 0.608187 0.843438
-0.122844 -0.336289 -0 0.619234 0.849793
-0.13533 -0.416709 -0 0.620808 0.787616
-0.122844 -0.336289 -0 0.619234 0.849793
-0.147412 -0.403545 -0 0.633309 0.795242
-0.13533 -0.416709 -0 0.620808 0.787616
-0.13533 -0.416709 -0 0.620808 0.787616
-0.147412 -0.403545 -0 0.633309 0.795242
-0.157885 -0.486163 -0 0.631836 0.738679
-0.147412 -0.403545 -0 0.633309 0.795242
-0.171981 -0.470805 -0 0.644723 0.745932
-0.157885 -0.486163 -0 0.631836 0.738679
-0.157885 -0.486163 -0 0.631836 0.738679
-0.171981 -0.470805 -0 0.644723 0.745932
-0.18044 -0.555612 -0 0.639438 0.693718
-0.171981 -0.470805 -0 0.644723 0.745932
-0.19655 -0.538061 -0 0.653668 0.701887
-0.18044 -0.555612 -0 0.639438 0.693718
-0.18044 -0.555612 -0 0.639438 0.693718
-0.19655 -0.538061 -0 0.653668 0.701887
-0.202995 -0.625066 -0 0.645841 0.656241
-0.19655 -0.538061 -0 0.653668 0.701887
-0.221118 -0.605321 -0 0.660333 0.663386
-0.202995 -0.625066 -0 0.645841 0.656241
-0.112775 -0.347258 -0 0.608187 0.843438
-0.13533 -0.416709 -0 0.620808 0.787616
-0.122877 -0.42873 -0 0.60847 0.782421
-0.122877 -0.42873 -0 0.60847 0.782421
-0.13533 -0.416709 -0 0.620808 0.787616
-0.143357 -0.500185 -0 0.618221 0.730786
-0.13533 -0.416709 -0 0.620808 0.787616
-0.157885 -0.486163 -0 0.631836 0.738679
-0.143357 -0.500185 -0 0.618221 0.730786
-0.143357 -0.500185 -0 0.618221 0.730786
-0.157885 -0.486163 -0 0.631836 0.738679
-0.163836 -0.571639 -0 0.625447 0.686651
-0.157885 -0.486163 -0 0.631836 0.738679
-0.18044 -0.555612 -0 0.639438 0.693718
-0.163836 -0.571639 -0 0.625447 0.686651
-0.163836 -0.571639 -0 0.625447 0.686651
-0.18044 -0.555612 -0 0.639438 0.693718
-0.184316 -0.643094 -0 0.63048 0.648511
-0.18044 -0.555612 -0 0.639438 0.693718
-0.202995 -0.625066 -0 0.645841 0.656241
-0.184316 -0.643094 -0 0.63048 0.648511
-0.110088 -0.439573 -0 0.595573 0.776719
-0.122877 -0.42873 -0 0.60847 0.782421
-0.128435 -0.512836 -0 0.604874 0.725877
-0.122877 -0.42873 -0 0.60847 0.782421
-0.143357 -0.500185 -0 0.618221 0.730786
-0.128435 -0.512836 -0 0.604874 0.725877
-0.128435 -0.512836 -0 0.604874 0.725877
-0.143357 -0.500185 -0 0.618221 0.730786
-0.146784 -0.586098 -0 0.610594 0.681106
-0.143357 -0.500185 -0 0.618221 0.730786
-0.163836 -0.571639 -0 0.625447 0.686651
-0.146784 -0.586098 -0 0.610594 0.681106
-0.146784 -0.586098 -0 0.610594 0.681106
-0.163836 -0.571639 -0 0.625447 0.686651
-0.165131 -0.659361 -0 0.615462 0.642186
-0.163836 -0.571639 -0 0.625447 0.686651
-0.184316 -0.643094 -0 0.63048 0.648511
-0.165131 -0.659361 -0 0.615462 0.642186
-0.110088 -0.439573 -0 0.595573 0.776719
-0.128435 -0.512836 -0 0.604874 0.725877
-0.113162 -0.524083 -0 0.590969 0.720516
-0.113162 -0.524083 -0 0.590969 0.720516
-0.128435 -0.512836 -0 0.604874 0.725877
-0.129328 -0.598954 -0 0.596418 0.674883
-0.128435 -0.512836 -0 0.604874 0.725877
-0.146784 -0.586098 -0 0.610594 0.681106
-0.129328 -0.598954 -0 0.596418 0.674883
-0.129328 -0.598954 -0 0.596418 0.674883
-0.146784 -0.586098 -0 0.610594 0.681106
-0.145494 -0.673821 -0 0.601009 0.637465
-0.146784 -0.586098 -0 0.610594 0.681106
-0.165131 -0.659361 -0 0.615462 0.642186
-0.145494 -0.673821 -0 0.601009 0.637465
-0.145494 -0.673821 -0 0.601009 0.637465
-0.165131 -0.659361 -0 0.615462 0.642186
-0.16166 -0.748691 -0 0.603777 0.60328
-0.113162 -0.524083 -0 0.590969 0.720516
-0.129328 -0.598954 -0 0.596418 0.674883
-0.111518 -0.610165 -0 0.581576 0.670375
-0.111518 -0.610165 -0 0.581576 0.670375
-0.129328 -0.598954 -0 0.596418 0.674883
-0.125458 -0.686435 -0 0.584592 0.632535
-0.129328 -0.598954 -0 0.596418 0.674883
-0.145494 -0.673821 -0 0.601009 0.637465
-0.125458 -0.686435 -0 0.584592 0.632535
-0.125458 -0.686435 -0 0.584592 0.632535
-0.145494 -0.673821 -0 0.601009 0.637465
-0.139398 -0.762705 -0 0.588625 0.597683
-0.145494 -0.673821 -0 0.601009 0.637465
-0.16166 -0.748691 -0 0.603777 0.60328
-0.139398 -0.762705 -0 0.588625 0.597683
-0.125458 -0.686435 -0 0.584592 0.632535
-0.139398 -0.762705 -0 0.588625 0.597683
-0.116754 -0.774631 -0 0.571421 0.594238
0.145494 -0.673821 -0 0.378824 0.630066
0.125458 -0.686435 -0 0.394354 0.626922
0.16166 -0.748691 -0 0.374808 0.595222
0.125458 -0.686435 -0 0.394354 0.626922
0.139398 -0.762705 -0 0.391887 0.591766
0.16166 -0.748691 -0 0.374808 0.595222
0.146784 -0.586098 -0 0.367241 0.674557
0.129328 -0.598954 -0 0.381955 0.670093
0.165131 -0.659361 -0 0.362537 0.634998
0.129328 -0.598954 -0 0.381955 0.670093
0.145494 -0.673821 -0 0.378824 0.630066
0.165131 -0.659361 -0 0.362537 0.634998
0.165131 -0.659361 -0 0.362537 0.634998
0.145494 -0.673821 -0 0.378824 0.630066
0.183479 -0.732624 -0 0.35842 0.600697
0.145494 -0.673821 -0 0.378824 0.630066
0.16166 -0.748691 -0 0.374808 0.595222
0.183479 -0.732624 -0 0.35842 0.600697
0.143357 -0.500185 -0 0.3588 0.723474
0.128435 -0.512836 -0 0.373922 0.718338
0.163836 -0.571639 -0 0.353067 0.678652
0.128435 -0.512836 -0 0.373922 0.718338
0.146784 -0.586098 -0 0.367241 0.674557
0.163836 -0.571639 -0 0.353067 0.678652
0.163836 -0.571639 -0 0.353067 0.678652
0.146784 -0.586098 -0 0.367241 0.674557
0.184316 -0.643094 -0 0.346908 0.639542
0.146784 -0.586098 -0 0.367241 0.674557
0.165131 -0.659361 -0 0.362537 0.634998
0.184316 -0.643094 -0 0.346908 0.639542
0.13533 -0.416709 -0 0.355345 0.780127
0.122877 -0.42873 -0 0.368133 0.774439
0.157885 -0.486163 -0 0.345739 0.730276
0.122877 -0.42873 -0 0.368133 0.774439
0.143357 -0.500185 -0 0.3588 0.723474
0.157885 -0.486163 -0 0.345739 0.730276
0.157885 -0.486163 -0 0.345739 0.730276
0.143357 -0.500185 -0 0.3588 0.723474
0.18044 -0.555612 -0 0.338354 0.684198
0.143357 -0.500185 -0 0.3588 0.723474
0.163836 -0.571639 -0 0.353067 0.678652
0.18044 -0.555612 -0 0.338354 0.684198
0.18044 -0.555612 -0 0.338354 0.684198
0.163836 -0.571639 -0 0.353067 0.678652
0.202995 -0.625066 -0 0.332093 0.645854
0.163836 -0.571639 -0 0.353067 0.678652
0.184316 -0.643094 -0 0.346908 0.639542
0.202995 -0.625066 -0 0.332093 0.645854
0.147412 -0.403545 -0 0.343315 0.786981
0.13533 -0.416709 -0 0.355345 0.780127
0.171981 -0.470805 -0 0.332094 0.736271
0.13533 -0.416709 -0 0.355345 0.780127
0.157885 -0.486163 -0 0.345739 0.730276
0.171981 -0.470805 -0 0.332094 0.736271
0.171981 -0.470805 -0 0.332094 0.736271
0.157885 -0.486163 -0 0.345739 0.730276
0.19655 -0.538061 -0 0.323318 0.691009
0.157885 -0.486163 -0 0.345739 0.730276
0.18044 -0.555612 -0 0.338354 0.684198
0.19655 -0.538061 -0 0.323318 0.691009
0.19655 -0.538061 -0 0.323318 0.691009
0.18044 -0.555612 -0 0.338354 0.684198
0.221118 -0.605321 -0 0.316958 0.653575
0.18044 -0.555612 -0 0.338354 0.684198
0.202995 -0.625066 -0 0.332093 0.645854
0.221118 -0.605321 -0 0.316958 0.653575
0.132575 -0.324399 -0 0.345071 0.849076
0.122844 -0.336289 -0 0.356194 0.844202
0.15909 -0.389278 -0 0.330748 0.792942
0.122844 -0.336289 -0 0.356194 0.844202
0.147412 -0.403545 -0 0.343315 0.786981
0.15909 -0.389278 -0 0.330748 0.792942
0.15909 -0.389278 -0 0.330748 0.792942
0.147412 -0.403545 -0 0.343315 0.786981
0.185605 -0.454156 -0 0.318216 0.743212
0.147412 -0.403545 -0 0.343315 0.786981
0.171981 -0.470805 -0 0.332094 0.736271
0.185605 -0.454156 -0 0.318216 0.743212
0.185605 -0.454156 -0 0.318216 0.743212
0.171981 -0.470805 -0 0.332094 0.736271
0.21212 -0.519039 -0 0.309308 0.699166
0.171981 -0.470805 -0 0.332094 0.736271
0.19655 -0.538061 -0 0.323318 0.691009
0.21212 -0.519039 -0 0.309308 0.699166
0.21212 -0.519039 -0 0.309308 0.699166
0.19655 -0.538061 -0 0.323318 0.691009
0.238635 -0.583917 -0 0.302692 0.660716
0.19655 -0.538061 -0 0.323318 0.691009
0.221118 -0.605321 -0 0.316958 0.653575
0.238635 -0.583917 -0 0.302692 0.660716
0.0567774 -0.185696 -0 0.41485 0.992164
0.0530301 -0.185696 -0 0.419884 0.993056
0.0851661 -0.186972 -0 0.380923 0.982089
0.141943 -0.311619 -0 0.334922 0.856173
0.132575 -0.324399 -0 0.345071 0.849076
0.170332 -0.373943 -0 0.318229 0.801105
0.132575 -0.324399 -0 0.345071 0.849076
0.15909 -0.389278 -0 0.330748 0.792942
0.170332 -0.373943 -0 0.318229 0.801105
0.170332 -0.373943 -0 0.318229 0.801105
0.15909 -0.389278 -0 0.330748 0.792942
0.198721 -0.436265 -0 0.305373 0.751247
0.15909 -0.389278 -0 0.330748 0.792942
0.185605 -0.454156 -0 0.318216 0.743212
0.198721 -0.436265 -0 0.305373 0.751247
0.198721 -0.436265 -0 0.305373 0.751247
0.185605 -0.454156 -0 0.318216 0.743212
0.227109 -0.498589 -0 0.295087 0.70635
0.185605 -0.454156 -0 0.318216 0.743212
0.21212 -0.519039 -0 0.309308 0.699166
0.227109 -0.498589 -0 0.295087 0.70635
0.227109 -0.498589 -0 0.295087 0.70635
0.21212 -0.519039 -0 0.309308 0.699166
0.255499 -0.560913 -0 0.287331 0.668723
0.21212 -0.519039 -0 0.309308 0.699166
0.238635 -0.583917 -0 0.302692 0.660716
0.255499 -0.560913 -0 0.287331 0.668723
0.060369 -0.185696 -0 0.410843 0.991405
0.0567774 -0.185696 -0 0.41485 0.992164
0.0905536 -0.185696 -0 0.374391 0.980964
0.0567774 -0.185696 -0 0.41485 0.992164
0.0851661 -0.186972 -0 0.380923 0.982089
0.0905536 -0.185696 -0 0.374391 0.980964
0.0905536 -0.185696 -0 0.374391 0.980964
0.0851661 -0.186972 -0 0.380923 0.982089
0.120738 -0.238388 -0 0.346794 0.924472
0.150923 -0.297985 -0 0.324549 0.863589
0.141943 -0.311619 -0 0.334922 0.856173
0.181107 -0.357582 -0 0.30651 0.808505
0.141943 -0.311619 -0 0.334922 0.856173
0.170332 -0.373943 -0 0.318229 0.801105
0.181107 -0.357582 -0 0.30651 0.808505
0.181107 -0.357582 -0 0.30651 0.808505
0.170332 -0.373943 -0 0.318229 0.801105
0.211292 -0.417178 -0 0.292337 0.758214
0.170332 -0.373943 -0 0.318229 0.801105
0.198721 -0.436265 -0 0.305373 0.751247
0.211292 -0.417178 -0 0.292337 0.758214
0.211292 -0.417178 -0 0.292337 0.758214
0.198721 -0.436265 -0 0.305373 0.751247
0.241477 -0.476776 -0 0.282022 0.714682
0.198721 -0.436265 -0 0.305373 0.751247
0.227109 -0.498589 -0 0.295087 0.70635
0.241477 -0.476776 -0 0.282022 0.714682
0.241477 -0.476776 -0 0.282022 0.714682
0.227109 -0.498589 -0 0.295087 0.70635
0.271662 -0.536373 -0 0.273259 0.677911
0.227109 -0.498589 -0 0.295087 0.70635
0.255499 -0.560913 -0 0.287331 0.668723
0.271662 -0.536373 -0 0.273259 0.677911
0.0637954 -0.185696 -0 0.406725 0.989829
0.060369 -0.185696 -0 0.410843 0.991405
0.095693 -0.185696 -0 0.368709 0.979235
0.060369 -0.185696 -0 0.410843 0.991405
0.0905536 -0.185696 -0 0.374391 0.980964
0.095693 -0.185696 -0 0.368709 0.979235
0.095693 -0.185696 -0 0.368709 0.979235
0.0905536 -0.185696 -0 0.374391 0.980964
0.127591 -0.226828 -0 0.338324 0.930742
0.0905536 -0.185696 -0 0.374391 0.980964
0.120738 -0.238388 -0 0.346794 0.924472
0.127591 -0.226828 -0 0.338324 0.930742
0.127591 -0.226828 -0 0.338324 0.930742
0.120738 -0.238388 -0 0.346794 0.924472
0.159488 -0.283535 -0 0.314088 0.871177
0.120738 -0.238388 -0 0.346794 0.924472
0.150923 -0.297985 -0 0.324549 0.863589
0.159488 -0.283535 -0 0.314088 0.871177
0.159488 -0.283535 -0 0.314088 0.871177
0.150923 -0.297985 -0 0.324549 0.863589
0.191386 -0.340242 -0 0.295802 0.816656
0.150923 -0.297985 -0 0.324549 0.863589
0.181107 -0.357582 -0 0.30651 0.808505
0.191386 -0.340242 -0 0.295802 0.816656
0.191386 -0.340242 -0 0.295802 0.816656
0.181107 -0.357582 -0 0.30651 0.808505
0.223284 -0.396949 -0 0.280671 0.767722
0.181107 -0.357582 -0 0.30651 0.808505
0.211292 -0.417178 -0 0.292337 0.758214
0.223284 -0.396949 -0 0.280671 0.767722
0.223284 -0.396949 -0 0.280671 0.767722
0.211292 -0.417178 -0 0.292337 0.758214
0.255181 -0.453655 -0 0.269382 0.725409
0.211292 -0.417178 -0 0.292337 0.758214
0.241477 -0.476776 -0 0.282022 0.714682
0.255181 -0.453655 -0 0.269382 0.725409
0.255181 -0.453655 -0 0.269382 0.725409
0.241477 -0.476776 -0 0.282022 0.714682
0.287078 -0.510362 -0 0.259336 0.685987
0.241477 -0.476776 -0 0.282022 0.714682
0.271662 -0.536373 -0 0.273259 0.677911
0.287078 -0.510362 -0 0.259336 0.685987
0.0670467 -0.185696 -0 0.402749 0.988987
0.0637954 -0.185696 -0 0.406725 0.989829
0.10057 -0.185696 -0 0.363087 0.977432
0.0637954 -0.185696 -0 0.406725 0.989829
0.095693 -0.185696 -0 0.368709 0.979235
0.10057 -0.185696 -0 0.363087 0.977432
0.10057 -0.185696 -0 0.363087 0.977432
0.095693 -0.185696 -0 0.368709 0.979235
0.134093 -0.214645 -0 0.329888 0.938007
0.095693 -0.185696 -0 0.368709 0.979235
0.127591 -0.226828 -0 0.338324 0.930742
0.134093 -0.214645 -0 0.329888 0.938007
0.134093 -0.214645 -0 0.329888 0.938007
0.127591 -0.226828 -0 0.338324 0.930742
0.167617 -0.268307 -0 0.304848 0.880397
0.127591 -0.226828 -0 0.338324 0.930742
0.159488 -0.283535 -0 0.314088 0.871177
0.167617 -0.268307 -0 0.304848 0.880397
0.167617 -0.268307 -0 0.304848 0.880397
0.159488 -0.283535 -0 0.314088 0.871177
0.20114 -0.321969 -0 0.28452 0.825998
0.159488 -0.283535 -0 0.314088 0.871177
0.191386 -0.340242 -0 0.295802 0.816656
0.20114 -0.321969 -0 0.28452 0.825998
0.20114 -0.321969 -0 0.28452 0.825998
0.191386 -0.340242 -0 0.295802 0.816656
0.234663 -0.37563 -0 0.268339 0.777108
0.191386 -0.340242 -0 0.295802 0.816656
0.223284 -0.396949 -0 0.280671 0.767722
0.234663 -0.37563 -0 0.268339 0.777108
0.234663 -0.37563 -0 0.268339 0.777108
0.223284 -0.396949 -0 0.280671 0.767722
0.268186 -0.429292 -0 0.256012 0.734424
0.223284 -0.396949 -0 0.280671 0.767722
0.255181 -0.453655 -0 0.269382 0.725409
0.268186 -0.429292 -0 0.256012 0.734424
0.268186 -0.429292 -0 0.256012 0.734424
0.255181 -0.453655 -0 0.269382 0.725409
0.30171 -0.482955 -0 0.246104 0.696473
0.255181 -0.453655 -0 0.269382 0.725409
0.287078 -0.510362 -0 0.259336 0.685987
0.30171 -0.482955 -0 0.246104 0.696473
0.0701142 -0.185696 -0 0.398793 0.988107
0.0670467 -0.185696 -0 0.402749 0.988987
0.105171 -0.185696 -0 0.357526 0.975559
0.0670467 -0.185696 -0 0.402749 0.988987
0.10057 -0.185696 -0 0.363087 0.977432
0.105171 -0.185696 -0 0.357526 0.975559
0.105171 -0.185696 -0 0.357526 0.975559
0.10057 -0.185696 -0 0.363087 0.977432
0.140229 -0.201875 -0 0.321368 0.945131
0.10057 -0.185696 -0 0.363087 0.977432
0.134093 -0.214645 -0 0.329888 0.938007
0.140229 -0.201875 -0 0.321368 0.945131
0.140229 -0.201875 -0 0.321368 0.945131
0.134093 -0.214645 -0 0.329888 0.938007
0.175286 -0.252344 -0 0.295415 0.888334
0.134093 -0.214645 -0 0.329888 0.938007
0.167617 -0.268307 -0 0.304848 0.880397
0.175286 -0.252344 -0 0.295415 0.888334
0.175286 -0.252344 -0 0.295415 0.888334
0.167617 -0.268307 -0 0.304848 0.880397
0.210343 -0.302813 -0 0.273563 0.835271
0.167617 -0.268307 -0 0.304848 0.880397
0.20114 -0.321969 -0 0.28452 0.825998
0.210343 -0.302813 -0 0.273563 0.835271
0.210343 -0.302813 -0 0.273563 0.835271
0.20114 -0.321969 -0 0.28452 0.825998
0.245399 -0.353282 -0 0.256743 0.788042
0.20114 -0.321969 -0 0.28452 0.825998
0.234663 -0.37563 -0 0.268339 0.777108
0.245399 -0.353282 -0 0.256743 0.788042
0.245399 -0.353282 -0 0.256743 0.788042
0.234663 -0.37563 -0 0.268339 0.777108
0.280456 -0.403749 -0 0.243498 0.745277
0.234663 -0.37563 -0 0.268339 0.777108
0.268186 -0.429292 -0 0.256012 0.734424
0.280456 -0.403749 -0 0.243498 0.745277
0.280456 -0.403749 -0 0.243498 0.745277
0.268186 -0.429292 -0 0.256012 0.734424
0.315514 -0.454221 -0 0.232717 0.706918
0.268186 -0.429292 -0 0.256012 0.734424
0.30171 -0.482955 -0 0.246104 0.696473
0.315514 -0.454221 -0 0.232717 0.706918
0.0729897 -0.185696 -0 0.395839 0.987421
0.0701142 -0.185696 -0 0.398793 0.988107
0.109484 -0.185696 -0 0.352735 0.973132
0.0701142 -0.185696 -0 0.398793 0.988107
0.105171 -0.185696 -0 0.357526 0.975559
0.109484 -0.185696 -0 0.352735 0.973132
0.109484 -0.185696 -0 0.352735 0.973132
0.105171 -0.185696 -0 0.357526 0.975559
0.145979 -0.188551 -0 0.313937 0.953292
0.105171 -0.185696 -0 0.357526 0.975559
0.140229 -0.201875 -0 0.321368 0.945131
0.145979 -0.188551 -0 0.313937 0.953292
0.145979 -0.188551 -0 0.313937 0.953292
0.140229 -0.201875 -0 0.321368 0.945131
0.182474 -0.235689 -0 0.286682 0.898255
0.140229 -0.201875 -0 0.321368 0.945131
0.175286 -0.252344 -0 0.295415 0.888334
0.182474 -0.235689 -0 0.286682 0.898255
0.182474 -0.235689 -0 0.286682 0.898255
0.175286 -0.252344 -0 0.295415 0.888334
0.218969 -0.282827 -0 0.26411 0.846051
0.175286 -0.252344 -0 0.295415 0.888334
0.210343 -0.302813 -0 0.273563 0.835271
0.218969 -0.282827 -0 0.26411 0.846051
0.218969 -0.282827 -0 0.26411 0.846051
0.210343 -0.302813 -0 0.273563 0.835271
0.255463 -0.329965 -0 0.245728 0.798783
0.210343 -0.302813 -0 0.273563 0.835271
0.245399 -0.353282 -0 0.256743 0.788042
0.255463 -0.329965 -0 0.245728 0.798783
0.255463 -0.329965 -0 0.245728 0.798783
0.245399 -0.353282 -0 0.256743 0.788042
0.291959 -0.377103 -0 0.231704 0.756086
0.245399 -0.353282 -0 0.256743 0.788042
0.280456 -0.403749 -0 0.243498 0.745277
0.291959 -0.377103 -0 0.231704 0.756086
0.291959 -0.377103 -0 0.231704 0.756086
0.280456 -0.403749 -0 0.243498 0.745277
0.328453 -0.424239 -0 0.220414 0.719066
0.280456 -0.403749 -0 0.243498 0.745277
0.315514 -0.454221 -0 0.232717 0.706918
0.328453 -0.424239 -0 0.220414 0.719066
0.075665 -0.185696 -0 0.39192 0.986474
0.0729897 -0.185696 -0 0.395839 0.987421
0.113497 -0.185696 -0 0.348187 0.971471
0.0729897 -0.185696 -0 0.395839 0.987421
0.109484 -0.185696 -0 0.352735 0.973132
0.113497 -0.185696 -0 0.348187 0.971471
0.113497 -0.185696 -0 0.348187 0.971471
0.109484 -0.185696 -0 0.352735 0.973132
0.15133 -0.185696 -0 0.308332 0.953519
0.109484 -0.185696 -0 0.352735 0.973132
0.145979 -0.188551 -0 0.313937 0.953292
0.15133 -0.185696 -0 0.308332 0.953519
0.15133 -0.185696 -0 0.308332 0.953519
0.145979 -0.188551 -0 0.313937 0.953292
0.189163 -0.218389 -0 0.27742 0.907278
0.145979 -0.188551 -0 0.313937 0.953292
0.182474 -0.235689 -0 0.286682 0.898255
0.189163 -0.218389 -0 0.27742 0.907278
0.189163 -0.218389 -0 0.27742 0.907278
0.182474 -0.235689 -0 0.286682 0.898255
0.226994 -0.262066 -0 0.253831 0.856703
0.182474 -0.235689 -0 0.286682 0.898255
0.218969 -0.282827 -0 0.26411 0.846051
0.226994 -0.262066 -0 0.253831 0.856703
0.226994 -0.262066 -0 0.253831 0.856703
0.218969 -0.282827 -0 0.26411 0.846051
0.264828 -0.305744 -0 0.235634 0.810533
0.218969 -0.282827 -0 0.26411 0.846051
0.255463 -0.329965 -0 0.245728 0.798783
0.264828 -0.305744 -0 0.235634 0.810533
0.264828 -0.305744 -0 0.235634 0.810533
0.255463 -0.329965 -0 0.245728 0.798783
0.302659 -0.349422 -0 0.220259 0.767725
0.255463 -0.329965 -0 0.245728 0.798783
0.291959 -0.377103 -0 0.231704 0.756086
0.302659 -0.349422 -0 0.220259 0.767725
0.302659 -0.349422 -0 0.220259 0.767725
0.291959 -0.377103 -0 0.231704 0.756086
0.340493 -0.393099 -0 0.208364 0.730639
0.291959 -0.377103 -0 0.231704 0.756086
0.328453 -0.424239 -0 0.220414 0.719066
0.340493 -0.393099 -0 0.208364 0.730639
0.0781329 -0.185696 -0 0.388995 0.985739
0.075665 -0.185696 -0 0.39192 0.986474
0.117199 -0.185696 -0 0.344582 0.970111
0.075665 -0.185696 -0 0.39192 0.986474
0.113497 -0.185696 -0 0.348187 0.971471
0.117199 -0.185696 -0 0.344582 0.970111
0.117199 -0.185696 -0 0.344582 0.970111
0.113497 -0.185696 -0 0.348187 0.971471
0.156266 -0.185696 -0 0.303215 0.950226
0.113497 -0.185696 -0 0.348187 0.971471
0.15133 -0.185696 -0 0.308332 0.953519
0.156266 -0.185696 -0 0.303215 0.950226
0.156266 -0.185696 -0 0.303215 0.950226
0.15133 -0.185696 -0 0.308332 0.953519
0.195332 -0.200489 -0 0.269854 0.918122
0.15133 -0.185696 -0 0.308332 0.953519
0.189163 -0.218389 -0 0.27742 0.907278
0.195332 -0.200489 -0 0.269854 0.918122
0.195332 -0.200489 -0 0.269854 0.918122
0.189163 -0.218389 -0 0.27742 0.907278
0.234399 -0.240587 -0 0.245194 0.868301
0.189163 -0.218389 -0 0.27742 0.907278
0.226994 -0.262066 -0 0.253831 0.856703
0.234399 -0.240587 -0 0.245194 0.868301
0.234399 -0.240587 -0 0.245194 0.868301
0.226994 -0.262066 -0 0.253831 0.856703
0.273466 -0.280685 -0 0.225171 0.822081
0.226994 -0.262066 -0 0.253831 0.856703
0.264828 -0.305744 -0 0.235634 0.810533
0.273466 -0.280685 -0 0.225171 0.822081
0.273466 -0.280685 -0 0.225171 0.822081
0.264828 -0.305744 -0 0.235634 0.810533
0.312532 -0.320783 -0 0.209638 0.781153
0.264828 -0.305744 -0 0.235634 0.810533
0.302659 -0.349422 -0 0.220259 0.767725
0.312532 -0.320783 -0 0.209638 0.781153
0.312532 -0.320783 -0 0.209638 0.781153
0.302659 -0.349422 -0 0.220259 0.767725
0.351599 -0.360881 -0 0.196651 0.743916
0.302659 -0.349422 -0 0.220259 0.767725
0.340493 -0.393099 -0 0.208364 0.730639
0.351599 -0.360881 -0 0.196651 0.743916
0.0803869 -0.185696 -0 0.387052 0.985237
0.0781329 -0.185696 -0 0.388995 0.985739
0.12058 -0.185696 -0 0.341007 0.968724
0.0781329 -0.185696 -0 0.388995 0.985739
0.117199 -0.185696 -0 0.344582 0.970111
0.12058 -0.185696 -0 0.341007 0.968724
0.12058 -0.185696 -0 0.341007 0.968724
0.117199 -0.185696 -0 0.344582 0.970111
0.160774 -0.185696 -0 0.299218 0.948164
0.117199 -0.185696 -0 0.344582 0.970111
0.156266 -0.185696 -0 0.303215 0.950226
0.160774 -0.185696 -0 0.299218 0.948164
0.160774 -0.185696 -0 0.299218 0.948164
0.156266 -0.185696 -0 0.303215 0.950226
0.200967 -0.185696 -0 0.262205 0.925121
0.156266 -0.185696 -0 0.303215 0.950226
0.195332 -0.200489 -0 0.269854 0.918122
0.200967 -0.185696 -0 0.262205 0.925121
0.200967 -0.185696 -0 0.262205 0.925121
0.195332 -0.200489 -0 0.269854 0.918122
0.241161 -0.218449 -0 0.236106 0.879243
0.195332 -0.200489 -0 0.269854 0.918122
0.234399 -0.240587 -0 0.245194 0.868301
0.241161 -0.218449 -0 0.236106 0.879243
0.241161 -0.218449 -0 0.236106 0.879243
0.234399 -0.240587 -0 0.245194 0.868301
0.281354 -0.254857 -0 0.215558 0.83473
0.234399 -0.240587 -0 0.245194 0.868301
0.273466 -0.280685 -0 0.225171 0.822081
0.281354 -0.254857 -0 0.215558 0.83473
0.281354 -0.254857 -0 0.215558 0.83473
0.273466 -0.280685 -0 0.225171 0.822081
0.321547 -0.291265 -0 0.199152 0.794125
0.273466 -0.280685 -0 0.225171 0.822081
0.312532 -0.320783 -0 0.209638 0.781153
0.321547 -0.291265 -0 0.199152 0.794125
0.321547 -0.291265 -0 0.199152 0.794125
0.312532 -0.320783 -0 0.209638 0.781153
0.36174 -0.327673 -0 0.185343 0.756947
0.312532 -0.320783 -0 0.209638 0.781153
0.351599 -0.360881 -0 0.196651 0.743916
0.36174 -0.327673 -0 0.185343 0.756947
0.0824202 -0.185696 -0 0.384149 0.984468
0.0803869 -0.185696 -0 0.387052 0.985237
0.12363 -0.185696 -0 0.337462 0.967311
0.0803869 -0.185696 -0 0.387052 0.985237
0.12058 -0.185696 -0 0.341007 0.968724
0.12363 -0.185696 -0 0.337462 0.967311
0.12363 -0.185696 -0 0.337462 0.967311
0.12058 -0.185696 -0 0.341007 0.968724
0.16484 -0.185696 -0 0.295272 0.946077
0.12058 -0.185696 -0 0.341007 0.968724
0.160774 -0.185696 -0 0.299218 0.948164
0.16484 -0.185696 -0 0.295272 0.946077
0.16484 -0.185696 -0 0.295272 0.946077
0.160774 -0.185696 -0 0.299218 0.948164
0.206051 -0.185696 -0 0.258075 0.922418
0.160774 -0.185696 -0 0.299218 0.948164
0.200967 -0.185696 -0 0.262205 0.925121
0.206051 -0.185696 -0 0.258075 0.922418
0.206051 -0.185696 -0 0.258075 0.922418
0.200967 -0.185696 -0 0.262205 0.925121
0.24726 -0.195711 -0 0.22802 0.891697
0.200967 -0.185696 -0 0.262205 0.925121
0.241161 -0.218449 -0 0.236106 0.879243
0.24726 -0.195711 -0 0.22802 0.891697
0.24726 -0.195711 -0 0.22802 0.891697
0.241161 -0.218449 -0 0.236106 0.879243
0.28847 -0.22833 -0 0.206334 0.847572
0.241161 -0.218449 -0 0.236106 0.879243
0.281354 -0.254857 -0 0.215558 0.83473
0.28847 -0.22833 -0 0.206334 0.847572
0.28847 -0.22833 -0 0.206334 0.847572
0.281354 -0.254857 -0 0.215558 0.83473
0.32968 -0.260948 -0 0.188792 0.807101
0.281354 -0.254857 -0 0.215558 0.83473
0.321547 -0.291265 -0 0.199152 0.794125
0.32968 -0.260948 -0 0.188792 0.807101
0.32968 -0.260948 -0 0.188792 0.807101
0.321547 -0.291265 -0 0.199152 0.794125
0.370891 -0.293567 -0 0.175167 0.771873
0.321547 -0.291265 -0 0.199152 0.794125
0.36174 -0.327673 -0 0.185343 0.756947
0.370891 -0.293567 -0 0.175167 0.771873
0.0842278 -0.185696 -0 0.38222 0.983944
0.0824202 -0.185696 -0 0.384149 0.984468
0.126342 -0.185696 -0 0.334823 0.966234
0.0824202 -0.185696 -0 0.384149 0.984468
0.12363 -0.185696 -0 0.337462 0.967311
0.126342 -0.185696 -0 0.334823 0.966234
0.126342 -0.185696 -0 0.334823 0.966234
0.12363 -0.185696 -0 0.337462 0.967311
0.168456 -0.185696 -0 0.292153 0.944391
0.12363 -0.185696 -0 0.337462 0.967311
0.16484 -0.185696 -0 0.295272 0.946077
0.168456 -0.185696 -0 0.292153 0.944391
0.168456 -0.185696 -0 0.292153 0.944391
0.16484 -0.185696 -0 0.295272 0.946077
0.210569 -0.185696 -0 0.254689 0.920156
0.16484 -0.185696 -0 0.295272 0.946077
0.206051 -0.185696 -0 0.258075 0.922418
0.210569 -0.185696 -0 0.254689 0.920156
0.210569 -0.185696 -0 0.254689 0.920156
0.206051 -0.185696 -0 0.258075 0.922418
0.252684 -0.185696 -0 0.222359 0.895012
0.206051 -0.185696 -0 0.258075 0.922418
0.24726 -0.195711 -0 0.22802 0.891697
0.252684 -0.185696 -0 0.222359 0.895012
0.252684 -0.185696 -0 0.222359 0.895012
0.24726 -0.195711 -0 0.22802 0.891697
0.294797 -0.201177 -0 0.197961 0.861209
0.24726 -0.195711 -0 0.22802 0.891697
0.28847 -0.22833 -0 0.206334 0.847572
0.294797 -0.201177 -0 0.197961 0.861209
0.294797 -0.201177 -0 0.197961 0.861209
0.28847 -0.22833 -0 0.206334 0.847572
0.336912 -0.229917 -0 0.179871 0.8222
0.28847 -0.22833 -0 0.206334 0.847572
0.32968 -0.260948 -0 0.188792 0.807101
0.336912 -0.229917 -0 0.179871 0.8222
0.336912 -0.229917 -0 0.179871 0.8222
0.32968 -0.260948 -0 0.188792 0.807101
0.379024 -0.258656 -0 0.165126 0.786023
0.32968 -0.260948 -0 0.188792 0.807101
0.370891 -0.293567 -0 0.175167 0.771873
0.379024 -0.258656 -0 0.165126 0.786023
0.379024 -0.258656 -0 0.165126 0.786023
0.370891 -0.293567 -0 0.175167 0.771873
0.421139 -0.287396 -0 0.15349 0.755313
0.0858046 -0.185696 -0 0.380129 0.982618
0.0842278 -0.185696 -0 0.38222 0.983944
0.128707 -0.185696 -0 0.332201 0.965144
0.0842278 -0.185696 -0 0.38222 0.983944
0.126342 -0.185696 -0 0.334823 0.966234
0.128707 -0.185696 -0 0.332201 0.965144
0.128707 -0.185696 -0 0.332201 0.965144
0.126342 -0.185696 -0 0.334823 0.966234
0.171609 -0.185696 -0 0.289066 0.942692
0.126342 -0.185696 -0 0.334823 0.966234
0.168456 -0.185696 -0 0.292153 0.944391
0.171609 -0.185696 -0 0.289066 0.942692
0.171609 -0.185696 -0 0.289066 0.942692
0.168456 -0.185696 -0 0.292153 0.944391
0.214511 -0.185696 -0 0.251353 0.917886
0.168456 -0.185696 -0 0.292153 0.944391
0.210569 -0.185696 -0 0.254689 0.920156
0.214511 -0.185696 -0 0.251353 0.917886
0.214511 -0.185696 -0 0.251353 0.917886
0.210569 -0.185696 -0 0.254689 0.920156
0.257414 -0.185696 -0 0.219508 0.892722
0.210569 -0.185696 -0 0.254689 0.920156
0.252684 -0.185696 -0 0.222359 0.895012
0.257414 -0.185696 -0 0.219508 0.892722
0.257414 -0.185696 -0 0.219508 0.892722
0.252684 -0.185696 -0 0.222359 0.895012
0.300316 -0.185696 -0 0.191844 0.86739
0.252684 -0.185696 -0 0.222359 0.895012
0.294797 -0.201177 -0 0.197961 0.861209
0.300316 -0.185696 -0 0.191844 0.86739
0.300316 -0.185696 -0 0.191844 0.86739
0.294797 -0.201177 -0 0.197961 0.861209
0.343218 -0.198255 -0 0.170892 0.836354
0.294797 -0.201177 -0 0.197961 0.861209
0.336912 -0.229917 -0 0.179871 0.8222
0.343218 -0.198255 -0 0.170892 0.836354
0.343218 -0.198255 -0 0.170892 0.836354
0.336912 -0.229917 -0 0.179871 0.8222
0.38612 -0.223037 -0 0.155898 0.801711
0.336912 -0.229917 -0 0.179871 0.8222
0.379024 -0.258656 -0 0.165126 0.786023
0.38612 -0.223037 -0 0.155898 0.801711
0.38612 -0.223037 -0 0.155898 0.801711
0.379024 -0.258656 -0 0.165126 0.786023
0.429022 -0.247818 -0 0.143717 0.77119
0.379024 -0.258656 -0 0.165126 0.786023
0.421139 -0.287396 -0 0.15349 0.755313
0.429022 -0.247818 -0 0.143717 0.77119
0.0871459 -0.185696 -0 0.37821 0.982075
0.0858046 -0.185696 -0 0.380129 0.982618
0.130719 -0.185696 -0 0.329365 0.963206
0.0858046 -0.185696 -0 0.380129 0.982618
0.128707 -0.185696 -0 0.332201 0.965144
0.130719 -0.185696 -0 0.329365 0.963206
0.130719 -0.185696 -0 0.329365 0.963206
0.128707 -0.185696 -0 0.332201 0.965144
0.174292 -0.185696 -0 0.286773 0.941408
0.128707 -0.185696 -0 0.332201 0.965144
0.171609 -0.185696 -0 0.289066 0.942692
0.174292 -0.185696 -0 0.286773 0.941408
0.174292 -0.185696 -0 0.286773 0.941408
0.171609 -0.185696 -0 0.289066 0.942692
0.217865 -0.185696 -0 0.24872 0.916065
0.171609 -0.185696 -0 0.289066 0.942692
0.214511 -0.185696 -0 0.251353 0.917886
0.217865 -0.185696 -0 0.24872 0.916065
0.217865 -0.185696 -0 0.24872 0.916065
0.214511 -0.185696 -0 0.251353 0.917886
0.261438 -0.185696 -0 0.216701 0.890436
0.214511 -0.185696 -0 0.251353 0.917886
0.257414 -0.185696 -0 0.219508 0.892722
0.261438 -0.185696 -0 0.216701 0.890436
0.261438 -0.185696 -0 0.216701 0.890436
0.257414 -0.185696 -0 0.219508 0.892722
0.305012 -0.185696 -0 0.189471 0.865175
0.257414 -0.185696 -0 0.219508 0.892722
0.300316 -0.185696 -0 0.191844 0.86739
0.305012 -0.185696 -0 0.189471 0.865175
0.305012 -0.185696 -0 0.189471 0.865175
0.300316 -0.185696 -0 0.191844 0.86739
0.348584 -0.185696 -0 0.166406 0.840973
0.300316 -0.185696 -0 0.191844 0.86739
0.343218 -0.198255 -0 0.170892 0.836354
0.348584 -0.185696 -0 0.166406 0.840973
0.348584 -0.185696 -0 0.166406 0.840973
0.343218 -0.198255 -0 0.170892 0.836354
0.392158 -0.186806 -0 0.147304 0.818089
0.343218 -0.198255 -0 0.170892 0.836354
0.38612 -0.223037 -0 0.155898 0.801711
0.392158 -0.186806 -0 0.147304 0.818089
0.392158 -0.186806 -0 0.147304 0.818089
0.38612 -0.223037 -0 0.155898 0.801711
0.43573 -0.207562 -0 0.134027 0.786461
0.38612 -0.223037 -0 0.155898 0.801711
0.429022 -0.247818 -0 0.143717 0.77119
0.43573 -0.207562 -0 0.134027 0.786461
0.0441244 -0.185696 -0 0.431043 0.994788
0.043573 -0.185696 -0 0.432062 0.994929
0.0882487 -0.185696 -0 0.377253 0.981801
0.043573 -0.185696 -0 0.432062 0.994929
0.0871459 -0.185696 -0 0.37821 0.982075
0.0882487 -0.185696 -0 0.377253 0.981801
0.0882487 -0.185696 -0 0.377253 0.981801
0.0871459 -0.185696 -0 0.37821 0.982075
0.132373 -0.185696 -0 0.327636 0.962462
0.0871459 -0.185696 -0 0.37821 0.982075
0.130719 -0.185696 -0 0.329365 0.963206
0.132373 -0.185696 -0 0.327636 0.962462
0.132373 -0.185696 -0 0.327636 0.962462
0.130719 -0.185696 -0 0.329365 0.963206
0.176497 -0.185696 -0 0.284228 0.939245
0.130719 -0.185696 -0 0.329365 0.963206
0.174292 -0.185696 -0 0.286773 0.941408
0.176497 -0.185696 -0 0.284228 0.939245
0.176497 -0.185696 -0 0.284228 0.939245
0.174292 -0.185696 -0 0.286773 0.941408
0.220622 -0.185696 -0 0.246766 0.914697
0.174292 -0.185696 -0 0.286773 0.941408
0.217865 -0.185696 -0 0.24872 0.916065
0.220622 -0.185696 -0 0.246766 0.914697
0.220622 -0.185696 -0 0.246766 0.914697
0.217865 -0.185696 -0 0.24872 0.916065
0.264747 -0.185696 -0 0.214488 0.888609
0.217865 -0.185696 -0 0.24872 0.916065
0.261438 -0.185696 -0 0.216701 0.890436
0.264747 -0.185696 -0 0.214488 0.888609
0.264747 -0.185696 -0 0.214488 0.888609
0.261438 -0.185696 -0 0.216701 0.890436
0.308871 -0.185696 -0 0.187135 0.86297
0.261438 -0.185696 -0 0.216701 0.890436
0.305012 -0.185696 -0 0.189471 0.865175
0.308871 -0.185696 -0 0.187135 0.86297
0.308871 -0.185696 -0 0.187135 0.86297
0.305012 -0.185696 -0 0.189471 0.865175
0.352996 -0.185696 -0 0.164434 0.838893
0.305012 -0.185696 -0 0.189471 0.865175
0.348584 -0.185696 -0 0.166406 0.840973
0.352996 -0.185696 -0 0.164434 0.838893
0.352996 -0.185696 -0 0.164434 0.838893
0.348584 -0.185696 -0 0.166406 0.840973
0.39712 -0.185696 -0 0.144874 0.815893
0.348584 -0.185696 -0 0.166406 0.840973
0.392158 -0.186806 -0 0.147304 0.818089
0.39712 -0.185696 -0 0.144874 0.815893
0.39712 -0.185696 -0 0.144874 0.815893
0.392158 -0.186806 -0 0.147304 0.818089
0.441244 -0.185696 -0 0.128589 0.794922
0.392158 -0.186806 -0 0.147304 0.818089
0.43573 -0.207562 -0 0.134027 0.786461
0.441244 -0.185696 -0 0.128589 0.794922
0.441244 -0.185696 -0 0.128589 0.794922
0.43573 -0.207562 -0 0.134027 0.786461
0.485367 -0.185696 -0 0.114934 0.775906
