-0.131597 0.0933336 -0 0.542285 0.998357
-0.131597 0.0945149 -0 0.543186 0.998234
-0.131597 0.186667 -0 0.593533 0.990192
-0.131597 0.0945149 -0 0.543186 0.998234
-0.131597 0.189029 -0 0.595215 0.989732
-0.131597 0.186667 -0 0.593533 0.990192
-0.131597 0.186667 -0 0.593533 0.990192
-0.131597 0.189029 -0 0.595215 0.989732
-0.131597 0.280001 -0 0.64111 0.976263
-0.131597 0.189029 -0 0.595215 0.989732
-0.131597 0.283544 -0 0.642623 0.975646
-0.131597 0.280001 -0 0.64111 0.976263
-0.131597 0.280001 -0 0.64111 0.976263
-0.131597 0.283544 -0 0.642623 0.975646
-0.131597 0.373335 -0 0.683411 0.957777
-0.131597 0.283544 -0 0.642623 0.975646
-0.131597 0.378059 -0 0.6854 0.956706
-0.131597 0.373335 -0 0.683411 0.957777
-0.131597 0.373335 -0 0.683411 0.957777
-0.131597 0.378059 -0 0.6854 0.956706
-0.131597 0.466669 -0 0.720429 0.93768
-0.131597 0.378059 -0 0.6854 0.956706
-0.131597 0.472574 -0 0.722139 0.936547
-0.131597 0.466669 -0 0.720429 0.93768
-0.131597 0.466669 -0 0.720429 0.93768
-0.131597 0.472574 -0 0.722139 0.936547
-0.131597 0.560002 -0 0.751983 0.91693
-0.131597 0.472574 -0 0.722139 0.936547
-0.131597 0.567089 -0 0.753923 0.915415
-0.131597 0.560002 -0 0.751983 0.91693
-0.131597 0.560002 -0 0.751983 0.91693
-0.131597 0.567089 -0 0.753923 0.915415
-0.131597 0.653338 -0 0.778722 0.896495
-0.131597 0.567089 -0 0.753923 0.915415
-0.131597 0.661604 -0 0.780779 0.894659
-0.131597 0.653338 -0 0.778722 0.896495
-0.131597 0.653338 -0 0.778722 0.896495
-0.131597 0.661604 -0 0.780779 0.894659
-0.131597 0.746669 -0 0.801932 0.875826
-0.131597 0.661604 -0 0.780779 0.894659
-0.131597 0.756119 -0 0.803803 0.874518
-0.131597 0.746669 -0 0.801932 0.875826
-0.131597 0.746669 -0 0.801932 0.875826
-0.131597 0.756119 -0 0.803803 0.874518
-0.131597 0.840005 -0 0.821382 0.857197
-0.131597 0.756119 -0 0.803803 0.874518
-0.131597 0.850634 -0 0.823251 0.85568
-0.131597 0.840005 -0 0.821382 0.857197
-0.131597 0.0918968 -0 0.541383 0.998477
-0.131597 0.0933336 -0 0.542285 0.998357
-0.131597 0.183794 -0 0.592691 0.99042
-0.131597 0.0933336 -0 0.542285 0.998357
-0.131597 0.186667 -0 0.593533 0.990192
-0.131597 0.183794 -0 0.592691 0.99042
-0.131597 0.183794 -0 0.592691 0.99042
-0.131597 0.186667 -0 0.593533 0.990192
-0.131597 0.275691 -0 0.63902 0.976404
-0.131597 0.186667 -0 0.593533 0.990192
-0.131597 0.280001 -0 0.64111 0.976263
-0.131597 0.275691 -0 0.63902 0.976404
-0.131597 0.275691 -0 0.63902 0.976404
-0.131597 0.280001 -0 0.64111 0.976263
-0.131597 0.367588 -0 0.680738 0.959196
-0.131597 0.280001 -0 0.64111 0.976263
-0.131597 0.373335 -0 0.683411 0.957777
-0.131597 0.367588 -0 0.680738 0.959196
-0.131597 0.367588 -0 0.680738 0.959196
-0.131597 0.373335 -0 0.683411 0.957777
-0.131597 0.459485 -0 0.71755 0.939565
-0.131597 0.373335 -0 0.683411 0.957777
-0.131597 0.466669 -0 0.720429 0.93768
-0.131597 0.459485 -0 0.71755 0.939565
-0.131597 0.459485 -0 0.71755 0.939565
-0.131597 0.466669 -0 0.720429 0.93768
-0.131597 0.551383 -0 0.749035 0.919206
-0.131597 0.466669 -0 0.720429 0.93768
-0.131597 0.560002 -0 0.751983 0.91693
-0.131597 0.551383 -0 0.749035 0.919206
-0.131597 0.551383 -0 0.749035 0.919206
-0.131597 0.560002 -0 0.751983 0.91693
-0.131597 0.643279 -0 0.776027 0.898281
-0.131597 0.560002 -0 0.751983 0.91693
-0.131597 0.653338 -0 0.778722 0.896495
-0.131597 0.643279 -0 0.776027 0.898281
-0.131597 0.643279 -0 0.776027 0.898281
-0.131597 0.653338 -0 0.778722 0.896495
-0.134366 0.735175 -0 0.798393 0.876456
-0.131597 0.653338 -0 0.778722 0.896495
-0.131597 0.746669 -0 0.801932 0.875826
-0.134366 0.735175 -0 0.798393 0.876456
-0.131597 0.0918968 -0 0.541383 0.998477
-0.131597 0.183794 -0 0.592691 0.99042
-0.131597 0.180417 -0 0.590156 0.991092
-0.131597 0.180417 -0 0.590156 0.991092
-0.131597 0.183794 -0 0.592691 0.99042
-0.131597 0.270625 -0 0.636723 0.977313
-0.131597 0.183794 -0 0.592691 0.99042
-0.131597 0.275691 -0 0.63902 0.976404
-0.131597 0.270625 -0 0.636723 0.977313
-0.131597 0.270625 -0 0.636723 0.977313
-0.131597 0.275691 -0 0.63902 0.976404
-0.131597 0.360833 -0 0.678039 0.960605
-0.131597 0.275691 -0 0.63902 0.976404
-0.131597 0.367588 -0 0.680738 0.959196
-0.131597 0.360833 -0 0.678039 0.960605
-0.131597 0.360833 -0 0.678039 0.960605
-0.131597 0.367588 -0 0.680738 0.959196
-0.131597 0.451041 -0 0.714047 0.94182
-0.131597 0.367588 -0 0.680738 0.959196
-0.131597 0.459485 -0 0.71755 0.939565
-0.131597 0.451041 -0 0.714047 0.94182
-0.131597 0.451041 -0 0.714047 0.94182
-0.131597 0.459485 -0 0.71755 0.939565
-0.131597 0.541252 -0 0.745772 0.921063
-0.131597 0.459485 -0 0.71755 0.939565
-0.131597 0.551383 -0 0.749035 0.919206
-0.131597 0.541252 -0 0.745772 0.921063
-0.131597 0.541252 -0 0.745772 0.921063
-0.131597 0.551383 -0 0.749035 0.919206
-0.136347 0.631457 -0 0.771669 0.896605
-0.131597 0.551383 -0 0.749035 0.919206
-0.131597 0.643279 -0 0.776027 0.898281
-0.136347 0.631457 -0 0.771669 0.896605
-0.136347 0.631457 -0 0.771669 0.896605
-0.131597 0.643279 -0 0.776027 0.898281
-0.155825 0.721667 -0 0.790499 0.860263
-0.131597 0.643279 -0 0.776027 0.898281
-0.134366 0.735175 -0 0.798393 0.876456
-0.155825 0.721667 -0 0.790499 0.860263
-0.131597 0.176545 -0 0.58846 0.991532
-0.131597 0.180417 -0 0.590156 0.991092
-0.131597 0.264817 -0 0.633641 0.97851
-0.131597 0.180417 -0 0.590156 0.991092
-0.131597 0.270625 -0 0.636723 0.977313
-0.131597 0.264817 -0 0.633641 0.97851
-0.131597 0.264817 -0 0.633641 0.97851
-0.131597 0.270625 -0 0.636723 0.977313
-0.131597 0.353089 -0 0.674632 0.962353
-0.131597 0.270625 -0 0.636723 0.977313
-0.131597 0.360833 -0 0.678039 0.960605
-0.131597 0.353089 -0 0.674632 0.962353
-0.131597 0.353089 -0 0.674632 0.962353
-0.131597 0.360833 -0 0.678039 0.960605
-0.131597 0.441362 -0 0.710724 0.943267
-0.131597 0.360833 -0 0.678039 0.960605
-0.131597 0.451041 -0 0.714047 0.94182
-0.131597 0.441362 -0 0.710724 0.943267
-0.131597 0.441362 -0 0.710724 0.943267
-0.131597 0.451041 -0 0.714047 0.94182
-0.132642 0.529632 -0 0.741652 0.922877
-0.131597 0.451041 -0 0.714047 0.94182
-0.131597 0.541252 -0 0.745772 0.921063
-0.132642 0.529632 -0 0.741652 0.922877
-0.132642 0.529632 -0 0.741652 0.922877
-0.131597 0.541252 -0 0.745772 0.921063
-0.154749 0.617905 -0 0.764103 0.881818
-0.131597 0.541252 -0 0.745772 0.921063
-0.136347 0.631457 -0 0.771669 0.896605
-0.154749 0.617905 -0 0.764103 0.881818
-0.154749 0.617905 -0 0.764103 0.881818
-0.136347 0.631457 -0 0.771669 0.896605
-0.176856 0.706178 -0 0.782232 0.844592
-0.136347 0.631457 -0 0.771669 0.896605
-0.155825 0.721667 -0 0.790499 0.860263
-0.176856 0.706178 -0 0.782232 0.844592
-0.131597 0.172189 -0 0.586042 0.99142
-0.131597 0.176545 -0 0.58846 0.991532
-0.131597 0.258284 -0 0.630536 0.979688
-0.131597 0.176545 -0 0.58846 0.991532
-0.131597 0.264817 -0 0.633641 0.97851
-0.131597 0.258284 -0 0.630536 0.979688
-0.131597 0.258284 -0 0.630536 0.979688
-0.131597 0.264817 -0 0.633641 0.97851
-0.131597 0.344378 -0 0.670706 0.963639
-0.131597 0.264817 -0 0.633641 0.97851
-0.131597 0.353089 -0 0.674632 0.962353
-0.131597 0.344378 -0 0.670706 0.963639
-0.131597 0.344378 -0 0.670706 0.963639
-0.131597 0.353089 -0 0.674632 0.962353
-0.131597 0.430473 -0 0.706505 0.945877
-0.131597 0.353089 -0 0.674632 0.962353
-0.131597 0.441362 -0 0.710724 0.943267
-0.131597 0.430473 -0 0.706505 0.945877
-0.131597 0.430473 -0 0.706505 0.945877
-0.131597 0.441362 -0 0.710724 0.943267
-0.148052 0.516568 -0 0.734417 0.909355
-0.131597 0.441362 -0 0.710724 0.943267
-0.132642 0.529632 -0 0.741652 0.922877
-0.148052 0.516568 -0 0.734417 0.909355
-0.148052 0.516568 -0 0.734417 0.909355
-0.132642 0.529632 -0 0.741652 0.922877
-0.172728 0.602662 -0 0.755836 0.867375
-0.132642 0.529632 -0 0.741652 0.922877
-0.154749 0.617905 -0 0.764103 0.881818
-0.172728 0.602662 -0 0.755836 0.867375
-0.172728 0.602662 -0 0.755836 0.867375
-0.154749 0.617905 -0 0.764103 0.881818
-0.197403 0.688756 -0 0.772732 0.830342
-0.154749 0.617905 -0 0.764103 0.881818
-0.176856 0.706178 -0 0.782232 0.844592
-0.197403 0.688756 -0 0.772732 0.830342
-0.131597 0.167361 -0 0.583476 0.992054
-0.131597 0.172189 -0 0.586042 0.99142
-0.131597 0.251042 -0 0.626622 0.981133
-0.131597 0.172189 -0 0.586042 0.99142
-0.131597 0.258284 -0 0.630536 0.979688
-0.131597 0.251042 -0 0.626622 0.981133
-0.131597 0.251042 -0 0.626622 0.981133
-0.131597 0.258284 -0 0.630536 0.979688
-0.131597 0.334723 -0 0.666508 0.96569
-0.131597 0.258284 -0 0.630536 0.979688
-0.131597 0.344378 -0 0.670706 0.963639
-0.131597 0.334723 -0 0.666508 0.96569
-0.131597 0.334723 -0 0.666508 0.96569
-0.131597 0.344378 -0 0.670706 0.963639
-0.135881 0.418403 -0 0.700945 0.94387
-0.131597 0.344378 -0 0.670706 0.963639
-0.131597 0.430473 -0 0.706505 0.945877
-0.135881 0.418403 -0 0.700945 0.94387
-0.135881 0.418403 -0 0.700945 0.94387
-0.131597 0.430473 -0 0.706505 0.945877
-0.163057 0.502084 -0 0.72637 0.896915
-0.131597 0.430473 -0 0.706505 0.945877
-0.148052 0.516568 -0 0.734417 0.909355
-0.163057 0.502084 -0 0.72637 0.896915
-0.163057 0.502084 -0 0.72637 0.896915
-0.148052 0.516568 -0 0.734417 0.909355
-0.190233 0.585767 -0 0.746989 0.853758
-0.148052 0.516568 -0 0.734417 0.909355
-0.172728 0.602662 -0 0.755836 0.867375
-0.190233 0.585767 -0 0.746989 0.853758
-0.190233 0.585767 -0 0.746989 0.853758
-0.172728 0.602662 -0 0.755836 0.867375
-0.217409 0.669446 -0 0.76358 0.815343
-0.172728 0.602662 -0 0.755836 0.867375
-0.197403 0.688756 -0 0.772732 0.830342
-0.217409 0.669446 -0 0.76358 0.815343
-0.131597 0.162075 -0 0.580901 0.992673
-0.131597 0.167361 -0 0.583476 0.992054
-0.131597 0.243112 -0 0.622672 0.982547
-0.131597 0.167361 -0 0.583476 0.992054
-0.131597 0.251042 -0 0.626622 0.981133
-0.131597 0.243112 -0 0.622672 0.982547
-0.131597 0.243112 -0 0.622672 0.982547
-0.131597 0.251042 -0 0.626622 0.981133
-0.131597 0.32415 -0 0.661539 0.968047
-0.131597 0.251042 -0 0.626622 0.981133
-0.131597 0.334723 -0 0.666508 0.96569
-0.131597 0.32415 -0 0.661539 0.968047
-0.131597 0.32415 -0 0.661539 0.968047
-0.131597 0.334723 -0 0.666508 0.96569
-0.148012 0.405188 -0 0.693736 0.932339
-0.131597 0.334723 -0 0.666508 0.96569
-0.135881 0.418403 -0 0.700945 0.94387
-0.148012 0.405188 -0 0.693736 0.932339
-0.148012 0.405188 -0 0.693736 0.932339
-0.135881 0.418403 -0 0.700945 0.94387
-0.177614 0.486223 -0 0.71784 0.885062
-0.135881 0.418403 -0 0.700945 0.94387
-0.163057 0.502084 -0 0.72637 0.896915
-0.177614 0.486223 -0 0.71784 0.885062
-0.177614 0.486223 -0 0.71784 0.885062
-0.163057 0.502084 -0 0.72637 0.896915
-0.207217 0.567263 -0 0.737753 0.841523
-0.163057 0.502084 -0 0.72637 0.896915
-0.190233 0.585767 -0 0.746989 0.853758
-0.207217 0.567263 -0 0.737753 0.841523
-0.207217 0.567263 -0 0.737753 0.841523
-0.190233 0.585767 -0 0.746989 0.853758
-0.236819 0.648299 -0 0.753274 0.802224
-0.190233 0.585767 -0 0.746989 0.853758
-0.217409 0.669446 -0 0.76358 0.815343
-0.236819 0.648299 -0 0.753274 0.802224
-0.131597 0.156345 -0 0.577451 0.993473
-0.131597 0.162075 -0 0.580901 0.992673
-0.131597 0.234517 -0 0.618859 0.983159
-0.131597 0.162075 -0 0.580901 0.992673
-0.131597 0.243112 -0 0.622672 0.982547
-0.131597 0.234517 -0 0.618859 0.983159
-0.131597 0.234517 -0 0.618859 0.983159
-0.131597 0.243112 -0 0.622672 0.982547
-0.131597 0.312689 -0 0.656495 0.970363
-0.131597 0.243112 -0 0.622672 0.982547
-0.131597 0.32415 -0 0.661539 0.968047
-0.131597 0.312689 -0 0.656495 0.970363
-0.131597 0.312689 -0 0.656495 0.970363
-0.131597 0.32415 -0 0.661539 0.968047
-0.159737 0.390861 -0 0.685764 0.921879
-0.131597 0.32415 -0 0.661539 0.968047
-0.148012 0.405188 -0 0.693736 0.932339
-0.159737 0.390861 -0 0.685764 0.921879
-0.159737 0.390861 -0 0.685764 0.921879
-0.148012 0.405188 -0 0.693736 0.932339
-0.191685 0.469033 -0 0.709186 0.87311
-0.148012 0.405188 -0 0.693736 0.932339
-0.177614 0.486223 -0 0.71784 0.885062
-0.191685 0.469033 -0 0.709186 0.87311
-0.191685 0.469033 -0 0.709186 0.87311
-0.177614 0.486223 -0 0.71784 0.885062
-0.223632 0.547204 -0 0.727771 0.82854
-0.177614 0.486223 -0 0.71784 0.885062
-0.207217 0.567263 -0 0.737753 0.841523
-0.223632 0.547204 -0 0.727771 0.82854
-0.223632 0.547204 -0 0.727771 0.82854
-0.207217 0.567263 -0 0.737753 0.841523
-0.255579 0.625379 -0 0.742962 0.788812
-0.207217 0.567263 -0 0.737753 0.841523
-0.236819 0.648299 -0 0.753274 0.802224
-0.255579 0.625379 -0 0.742962 0.788812
-0.131597 0.150185 -0 0.573986 0.994246
-0.131597 0.156345 -0 0.577451 0.993473
-0.131597 0.225278 -0 0.614028 0.984776
-0.131597 0.156345 -0 0.577451 0.993473
-0.131597 0.234517 -0 0.618859 0.983159
-0.131597 0.225278 -0 0.614028 0.984776
-0.131597 0.225278 -0 0.614028 0.984776
-0.131597 0.234517 -0 0.618859 0.983159
-0.13682 0.300371 -0 0.650417 0.965995
-0.131597 0.234517 -0 0.618859 0.983159
-0.131597 0.312689 -0 0.656495 0.970363
-0.13682 0.300371 -0 0.650417 0.965995
-0.13682 0.300371 -0 0.650417 0.965995
-0.131597 0.312689 -0 0.656495 0.970363
-0.171025 0.375463 -0 0.677305 0.911853
-0.131597 0.312689 -0 0.656495 0.970363
-0.159737 0.390861 -0 0.685764 0.921879
-0.171025 0.375463 -0 0.677305 0.911853
-0.171025 0.375463 -0 0.677305 0.911853
-0.159737 0.390861 -0 0.685764 0.921879
-0.20523 0.450556 -0 0.699843 0.861644
-0.159737 0.390861 -0 0.685764 0.921879
-0.191685 0.469033 -0 0.709186 0.87311
-0.20523 0.450556 -0 0.699843 0.861644
-0.20523 0.450556 -0 0.699843 0.861644
-0.191685 0.469033 -0 0.709186 0.87311
-0.239435 0.525646 -0 0.717286 0.816927
-0.191685 0.469033 -0 0.709186 0.87311
-0.223632 0.547204 -0 0.727771 0.82854
-0.239435 0.525646 -0 0.717286 0.816927
-0.239435 0.525646 -0 0.717286 0.816927
-0.223632 0.547204 -0 0.727771 0.82854
-0.273639 0.600739 -0 0.731383 0.777373
-0.223632 0.547204 -0 0.727771 0.82854
-0.255579 0.625379 -0 0.742962 0.788812
-0.273639 0.600739 -0 0.731383 0.777373
-0.131597 0.143615 -0 0.570503 0.994989
-0.131597 0.150185 -0 0.573986 0.994246
-0.131597 0.215422 -0 0.609148 0.986343
-0.131597 0.150185 -0 0.573986 0.994246
-0.131597 0.225278 -0 0.614028 0.984776
-0.131597 0.215422 -0 0.609148 0.986343
-0.131597 0.215422 -0 0.609148 0.986343
-0.131597 0.225278 -0 0.614028 0.984776
-0.145475 0.287229 -0 0.642884 0.957213
-0.131597 0.225278 -0 0.614028 0.984776
-0.13682 0.300371 -0 0.650417 0.965995
-0.145475 0.287229 -0 0.642884 0.957213
-0.145475 0.287229 -0 0.642884 0.957213
-0.13682 0.300371 -0 0.650417 0.965995
-0.181844 0.359036 -0 0.669203 0.902124
-0.13682 0.300371 -0 0.650417 0.965995
-0.171025 0.375463 -0 0.677305 0.911853
-0.181844 0.359036 -0 0.669203 0.902124
-0.181844 0.359036 -0 0.669203 0.902124
-0.171025 0.375463 -0 0.677305 0.911853
-0.218213 0.430844 -0 0.689648 0.852066
-0.171025 0.375463 -0 0.677305 0.911853
-0.20523 0.450556 -0 0.699843 0.861644
-0.218213 0.430844 -0 0.689648 0.852066
-0.218213 0.430844 -0 0.689648 0.852066
-0.20523 0.450556 -0 0.699843 0.861644
-0.254581 0.502649 -0 0.706712 0.805878
-0.20523 0.450556 -0 0.699843 0.861644
-0.239435 0.525646 -0 0.717286 0.816927
-0.254581 0.502649 -0 0.706712 0.805878
-0.254581 0.502649 -0 0.706712 0.805878
-0.239435 0.525646 -0 0.717286 0.816927
-0.29095 0.574457 -0 0.720414 0.765001
-0.239435 0.525646 -0 0.717286 0.816927
-0.273639 0.600739 -0 0.731383 0.777373
-0.29095 0.574457 -0 0.720414 0.765001
-0.131597 0.13665 -0 0.567115 0.994948
-0.131597 0.143615 -0 0.570503 0.994989
-0.131597 0.204975 -0 0.60355 0.98734
-0.131597 0.143615 -0 0.570503 0.994989
-0.131597 0.215422 -0 0.609148 0.986343
-0.131597 0.204975 -0 0.60355 0.98734
-0.131597 0.204975 -0 0.60355 0.98734
-0.131597 0.215422 -0 0.609148 0.986343
-0.153731 0.2733 -0 0.635031 0.949959
-0.131597 0.215422 -0 0.609148 0.986343
-0.145475 0.287229 -0 0.642884 0.957213
-0.153731 0.2733 -0 0.635031 0.949959
-0.153731 0.2733 -0 0.635031 0.949959
-0.145475 0.287229 -0 0.642884 0.957213
-0.192164 0.341625 -0 0.660027 0.893606
-0.145475 0.287229 -0 0.642884 0.957213
-0.181844 0.359036 -0 0.669203 0.902124
-0.192164 0.341625 -0 0.660027 0.893606
-0.192164 0.341625 -0 0.660027 0.893606
-0.181844 0.359036 -0 0.669203 0.902124
-0.230597 0.40995 -0 0.679931 0.84201
-0.181844 0.359036 -0 0.669203 0.902124
-0.218213 0.430844 -0 0.689648 0.852066
-0.230597 0.40995 -0 0.679931 0.84201
-0.230597 0.40995 -0 0.679931 0.84201
-0.218213 0.430844 -0 0.689648 0.852066
-0.26903 0.478275 -0 0.695683 0.794683
-0.218213 0.430844 -0 0.689648 0.852066
-0.254581 0.502649 -0 0.706712 0.805878
-0.26903 0.478275 -0 0.695683 0.794683
-0.26903 0.478275 -0 0.695683 0.794683
-0.254581 0.502649 -0 0.706712 0.805878
-0.307462 0.5466 -0 0.707917 0.75422
-0.254581 0.502649 -0 0.706712 0.805878
-0.29095 0.574457 -0 0.720414 0.765001
-0.307462 0.5466 -0 0.707917 0.75422
-0.131597 0.129311 -0 0.562716 0.995802
-0.131597 0.13665 -0 0.567115 0.994948
-0.131597 0.193966 -0 0.597728 0.989031
-0.131597 0.13665 -0 0.567115 0.994948
-0.131597 0.204975 -0 0.60355 0.98734
-0.131597 0.193966 -0 0.597728 0.989031
-0.131597 0.193966 -0 0.597728 0.989031
-0.131597 0.204975 -0 0.60355 0.98734
-0.161566 0.258622 -0 0.62752 0.941774
-0.131597 0.204975 -0 0.60355 0.98734
-0.153731 0.2733 -0 0.635031 0.949959
-0.161566 0.258622 -0 0.62752 0.941774
-0.161566 0.258622 -0 0.62752 0.941774
-0.153731 0.2733 -0 0.635031 0.949959
-0.201958 0.323278 -0 0.64997 0.88538
-0.153731 0.2733 -0 0.635031 0.949959
-0.192164 0.341625 -0 0.660027 0.893606
-0.201958 0.323278 -0 0.64997 0.88538
-0.201958 0.323278 -0 0.64997 0.88538
-0.192164 0.341625 -0 0.660027 0.893606
-0.24235 0.387933 -0 0.669211 0.832263
-0.192164 0.341625 -0 0.660027 0.893606
-0.230597 0.40995 -0 0.679931 0.84201
-0.24235 0.387933 -0 0.669211 0.832263
-0.24235 0.387933 -0 0.669211 0.832263
-0.230597 0.40995 -0 0.679931 0.84201
-0.28274 0.452589 -0 0.684085 0.784865
-0.230597 0.40995 -0 0.679931 0.84201
-0.26903 0.478275 -0 0.695683 0.794683
-0.28274 0.452589 -0 0.684085 0.784865
-0.28274 0.452589 -0 0.684085 0.784865
-0.26903 0.478275 -0 0.695683 0.794683
-0.323132 0.517245 -0 0.695651 0.743232
-0.26903 0.478275 -0 0.695683 0.794683
-0.307462 0.5466 -0 0.707917 0.75422
-0.323132 0.517245 -0 0.695651 0.743232
-0.131597 0.121618 -0 0.558294 0.996608
-0.131597 0.129311 -0 0.562716 0.995802
-0.131597 0.182426 -0 0.591847 0.990645
-0.131597 0.129311 -0 0.562716 0.995802
-0.131597 0.193966 -0 0.597728 0.989031
-0.131597 0.182426 -0 0.591847 0.990645
-0.161566 0.258622 -0 0.62752 0.941774
-0.201958 0.323278 -0 0.64997 0.88538
-0.211198 0.304044 -0 0.64079 0.876903
-0.211198 0.304044 -0 0.64079 0.876903
-0.201958 0.323278 -0 0.64997 0.88538
-0.253438 0.364853 -0 0.658156 0.823921
-0.201958 0.323278 -0 0.64997 0.88538
-0.24235 0.387933 -0 0.669211 0.832263
-0.253438 0.364853 -0 0.658156 0.823921
-0.253438 0.364853 -0 0.658156 0.823921
-0.24235 0.387933 -0 0.669211 0.832263
-0.295676 0.425662 -0 0.672052 0.776728
-0.24235 0.387933 -0 0.669211 0.832263
-0.28274 0.452589 -0 0.684085 0.784865
-0.295676 0.425662 -0 0.672052 0.776728
-0.295676 0.425662 -0 0.672052 0.776728
-0.28274 0.452589 -0 0.684085 0.784865
-0.337916 0.486469 -0 0.682839 0.73406
-0.28274 0.452589 -0 0.684085 0.784865
-0.323132 0.517245 -0 0.695651 0.743232
-0.337916 0.486469 -0 0.682839 0.73406
-0.131597 0.113591 -0 0.553851 0.997366
-0.131597 0.121618 -0 0.558294 0.996608
-0.131916 0.170386 -0 0.585187 0.991633
-0.131597 0.121618 -0 0.558294 0.996608
-0.131597 0.182426 -0 0.591847 0.990645
-0.131916 0.170386 -0 0.585187 0.991633
-0.219859 0.283977 -0 0.630853 0.868911
-0.211198 0.304044 -0 0.64079 0.876903
-0.263831 0.340773 -0 0.647089 0.81589
-0.211198 0.304044 -0 0.64079 0.876903
-0.253438 0.364853 -0 0.658156 0.823921
-0.263831 0.340773 -0 0.647089 0.81589
-0.263831 0.340773 -0 0.647089 0.81589
-0.253438 0.364853 -0 0.658156 0.823921
-0.307802 0.397568 -0 0.660074 0.767554
-0.253438 0.364853 -0 0.658156 0.823921
-0.295676 0.425662 -0 0.672052 0.776728
-0.307802 0.397568 -0 0.660074 0.767554
-0.307802 0.397568 -0 0.660074 0.767554
-0.295676 0.425662 -0 0.672052 0.776728
-0.351776 0.454363 -0 0.669791 0.725415
-0.295676 0.425662 -0 0.672052 0.776728
-0.337916 0.486469 -0 0.682839 0.73406
-0.351776 0.454363 -0 0.669791 0.725415
-0.227918 0.263132 -0 0.619998 0.862717
-0.219859 0.283977 -0 0.630853 0.868911
-0.2735 0.315758 -0 0.635333 0.807158
-0.219859 0.283977 -0 0.630853 0.868911
-0.263831 0.340773 -0 0.647089 0.81589
-0.2735 0.315758 -0 0.635333 0.807158
-0.2735 0.315758 -0 0.635333 0.807158
-0.263831 0.340773 -0 0.647089 0.81589
-0.319086 0.368385 -0 0.647123 0.759152
-0.263831 0.340773 -0 0.647089 0.81589
-0.307802 0.397568 -0 0.660074 0.767554
-0.319086 0.368385 -0 0.647123 0.759152
-0.319086 0.368385 -0 0.647123 0.759152
-0.307802 0.397568 -0 0.660074 0.767554
-0.364668 0.421011 -0 0.656791 0.715797
-0.307802 0.397568 -0 0.660074 0.767554
-0.351776 0.454363 -0 0.669791 0.725415
-0.364668 0.421011 -0 0.656791 0.715797
-0.227918 0.263132 -0 0.619998 0.862717
-0.2735 0.315758 -0 0.635333 0.807158
-0.282422 0.289879 -0 0.623571 0.800361
-0.282422 0.289879 -0 0.623571 0.800361
-0.2735 0.315758 -0 0.635333 0.807158
-0.329494 0.338192 -0 0.63423 0.751395
-0.2735 0.315758 -0 0.635333 0.807158
-0.319086 0.368385 -0 0.647123 0.759152
-0.329494 0.338192 -0 0.63423 0.751395
-0.329494 0.338192 -0 0.63423 0.751395
-0.319086 0.368385 -0 0.647123 0.759152
-0.376563 0.386505 -0 0.642688 0.708856
-0.319086 0.368385 -0 0.647123 0.759152
-0.364668 0.421011 -0 0.656791 0.715797
-0.376563 0.386505 -0 0.642688 0.708856
-0.29057 0.263204 -0 0.611079 0.794495
-0.282422 0.289879 -0 0.623571 0.800361
-0.338998 0.307072 -0 0.621554 0.74445
-0.282422 0.289879 -0 0.623571 0.800361
-0.329494 0.338192 -0 0.63423 0.751395
-0.338998 0.307072 -0 0.621554 0.74445
-0.338998 0.307072 -0 0.621554 0.74445
-0.329494 0.338192 -0 0.63423 0.751395
-0.387425 0.350939 -0 0.628838 0.701147
-0.329494 0.338192 -0 0.63423 0.751395
-0.376563 0.386505 -0 0.642688 0.708856
-0.387425 0.350939 -0 0.628838 0.701147
-0.29057 0.263204 -0 0.611079 0.794495
-0.338998 0.307072 -0 0.621554 0.74445
-0.347572 0.27511 -0 0.608159 0.73866
-0.347572 0.27511 -0 0.608159 0.73866
-0.338998 0.307072 -0 0.621554 0.74445
-0.397225 0.314411 -0 0.615278 0.694507
-0.338998 0.307072 -0 0.621554 0.74445
-0.387425 0.350939 -0 0.628838 0.701147
-0.397225 0.314411 -0 0.615278 0.694507
-0.347572 0.27511 -0 0.608159 0.73866
-0.397225 0.314411 -0 0.615278 0.694507
-0.405938 0.277022 -0 0.599894 0.689381
-0.338998 -0.307072 -0 0.365528 0.734229
-0.347572 -0.27511 -0 0.379397 0.729744
-0.387425 -0.350939 -0 0.358415 0.690004
-0.347572 -0.27511 -0 0.379397 0.729744
-0.397225 -0.314411 -0 0.373573 0.684925
-0.387425 -0.350939 -0 0.358415 0.690004
-0.282422 -0.289879 -0 0.360769 0.789745
-0.29057 -0.263204 -0 0.373694 0.785001
-0.329494 -0.338192 -0 0.351299 0.739761
-0.29057 -0.263204 -0 0.373694 0.785001
-0.338998 -0.307072 -0 0.365528 0.734229
-0.329494 -0.338192 -0 0.351299 0.739761
-0.329494 -0.338192 -0 0.351299 0.739761
-0.338998 -0.307072 -0 0.365528 0.734229
-0.376563 -0.386505 -0 0.344033 0.696425
-0.338998 -0.307072 -0 0.365528 0.734229
-0.387425 -0.350939 -0 0.358415 0.690004
-0.376563 -0.386505 -0 0.344033 0.696425
-0.2735 -0.315758 -0 0.348548 0.79552
-0.282422 -0.289879 -0 0.360769 0.789745
-0.319086 -0.368385 -0 0.337883 0.746419
-0.282422 -0.289879 -0 0.360769 0.789745
-0.329494 -0.338192 -0 0.351299 0.739761
-0.319086 -0.368385 -0 0.337883 0.746419
-0.319086 -0.368385 -0 0.337883 0.746419
-0.329494 -0.338192 -0 0.351299 0.739761
-0.364668 -0.421011 -0 0.330348 0.702374
-0.329494 -0.338192 -0 0.351299 0.739761
-0.376563 -0.386505 -0 0.344033 0.696425
-0.364668 -0.421011 -0 0.330348 0.702374
-0.131597 -0.113591 -0 0.423146 0.9916
-0.131597 -0.105253 -0 0.427639 0.992346
-0.131916 -0.170386 -0 0.392088 0.983486
-0.219859 -0.283977 -0 0.35152 0.857861
-0.227918 -0.263132 -0 0.361829 0.852229
-0.263831 -0.340773 -0 0.337066 0.802243
-0.227918 -0.263132 -0 0.361829 0.852229
-0.2735 -0.315758 -0 0.348548 0.79552
-0.263831 -0.340773 -0 0.337066 0.802243
-0.263831 -0.340773 -0 0.337066 0.802243
-0.2735 -0.315758 -0 0.348548 0.79552
-0.307802 -0.397568 -0 0.325157 0.752546
-0.2735 -0.315758 -0 0.348548 0.79552
-0.319086 -0.368385 -0 0.337883 0.746419
-0.307802 -0.397568 -0 0.325157 0.752546
-0.307802 -0.397568 -0 0.325157 0.752546
-0.319086 -0.368385 -0 0.337883 0.746419
-0.351776 -0.454363 -0 0.316548 0.709321
-0.319086 -0.368385 -0 0.337883 0.746419
-0.364668 -0.421011 -0 0.330348 0.702374
-0.351776 -0.454363 -0 0.316548 0.709321
-0.131597 -0.121618 -0 0.418673 0.990805
-0.131597 -0.113591 -0 0.423146 0.9916
-0.131597 -0.182426 -0 0.385224 0.981684
-0.131597 -0.113591 -0 0.423146 0.9916
-0.131916 -0.170386 -0 0.392088 0.983486
-0.131597 -0.182426 -0 0.385224 0.981684
-0.131597 -0.182426 -0 0.385224 0.981684
-0.131916 -0.170386 -0 0.392088 0.983486
-0.168959 -0.243235 -0 0.360147 0.924407
-0.211198 -0.304044 -0 0.340954 0.863966
-0.219859 -0.283977 -0 0.35152 0.857861
-0.253438 -0.364853 -0 0.324527 0.809249
-0.219859 -0.283977 -0 0.35152 0.857861
-0.263831 -0.340773 -0 0.337066 0.802243
-0.253438 -0.364853 -0 0.324527 0.809249
-0.253438 -0.364853 -0 0.324527 0.809249
-0.263831 -0.340773 -0 0.337066 0.802243
-0.295676 -0.425662 -0 0.312541 0.760943
-0.263831 -0.340773 -0 0.337066 0.802243
-0.307802 -0.397568 -0 0.325157 0.752546
-0.295676 -0.425662 -0 0.312541 0.760943
-0.295676 -0.425662 -0 0.312541 0.760943
-0.307802 -0.397568 -0 0.325157 0.752546
-0.337916 -0.486469 -0 0.30295 0.718719
-0.307802 -0.397568 -0 0.325157 0.752546
-0.351776 -0.454363 -0 0.316548 0.709321
-0.337916 -0.486469 -0 0.30295 0.718719
-0.131597 -0.129311 -0 0.414224 0.989963
-0.131597 -0.121618 -0 0.418673 0.990805
-0.131597 -0.193966 -0 0.379284 0.980021
-0.131597 -0.121618 -0 0.418673 0.990805
-0.131597 -0.182426 -0 0.385224 0.981684
-0.131597 -0.193966 -0 0.379284 0.980021
-0.131597 -0.193966 -0 0.379284 0.980021
-0.131597 -0.182426 -0 0.385224 0.981684
-0.161566 -0.258622 -0 0.351507 0.930805
-0.131597 -0.182426 -0 0.385224 0.981684
-0.168959 -0.243235 -0 0.360147 0.924407
-0.161566 -0.258622 -0 0.351507 0.930805
-0.161566 -0.258622 -0 0.351507 0.930805
-0.168959 -0.243235 -0 0.360147 0.924407
-0.201958 -0.323278 -0 0.330447 0.87159
-0.168959 -0.243235 -0 0.360147 0.924407
-0.211198 -0.304044 -0 0.340954 0.863966
-0.201958 -0.323278 -0 0.330447 0.87159
-0.201958 -0.323278 -0 0.330447 0.87159
-0.211198 -0.304044 -0 0.340954 0.863966
-0.24235 -0.387933 -0 0.313792 0.817266
-0.211198 -0.304044 -0 0.340954 0.863966
-0.253438 -0.364853 -0 0.324527 0.809249
-0.24235 -0.387933 -0 0.313792 0.817266
-0.24235 -0.387933 -0 0.313792 0.817266
-0.253438 -0.364853 -0 0.324527 0.809249
-0.28274 -0.452589 -0 0.300033 0.76984
-0.253438 -0.364853 -0 0.324527 0.809249
-0.295676 -0.425662 -0 0.312541 0.760943
-0.28274 -0.452589 -0 0.300033 0.76984
-0.28274 -0.452589 -0 0.300033 0.76984
-0.295676 -0.425662 -0 0.312541 0.760943
-0.323132 -0.517245 -0 0.289421 0.72712
-0.295676 -0.425662 -0 0.312541 0.760943
-0.337916 -0.486469 -0 0.30295 0.718719
-0.323132 -0.517245 -0 0.289421 0.72712
-0.131597 -0.13665 -0 0.410682 0.989255
-0.131597 -0.129311 -0 0.414224 0.989963
-0.131597 -0.204975 -0 0.373408 0.978283
-0.131597 -0.129311 -0 0.414224 0.989963
-0.131597 -0.193966 -0 0.379284 0.980021
-0.131597 -0.204975 -0 0.373408 0.978283
-0.131597 -0.204975 -0 0.373408 0.978283
-0.131597 -0.193966 -0 0.379284 0.980021
-0.153731 -0.2733 -0 0.343493 0.937642
-0.131597 -0.193966 -0 0.379284 0.980021
-0.161566 -0.258622 -0 0.351507 0.930805
-0.153731 -0.2733 -0 0.343493 0.937642
-0.153731 -0.2733 -0 0.343493 0.937642
-0.161566 -0.258622 -0 0.351507 0.930805
-0.192164 -0.341625 -0 0.320768 0.879689
-0.161566 -0.258622 -0 0.351507 0.930805
-0.201958 -0.323278 -0 0.330447 0.87159
-0.192164 -0.341625 -0 0.320768 0.879689
-0.192164 -0.341625 -0 0.320768 0.879689
-0.201958 -0.323278 -0 0.330447 0.87159
-0.230597 -0.40995 -0 0.302461 0.82657
-0.201958 -0.323278 -0 0.330447 0.87159
-0.24235 -0.387933 -0 0.313792 0.817266
-0.230597 -0.40995 -0 0.302461 0.82657
-0.230597 -0.40995 -0 0.302461 0.82657
-0.24235 -0.387933 -0 0.313792 0.817266
-0.26903 -0.478275 -0 0.288385 0.777987
-0.24235 -0.387933 -0 0.313792 0.817266
-0.28274 -0.452589 -0 0.300033 0.76984
-0.26903 -0.478275 -0 0.288385 0.777987
-0.131597 -0.143615 -0 0.406158 0.987546
-0.131597 -0.13665 -0 0.410682 0.989255
-0.131597 -0.215422 -0 0.368259 0.975931
-0.131597 -0.13665 -0 0.410682 0.989255
-0.131597 -0.204975 -0 0.373408 0.978283
-0.131597 -0.215422 -0 0.368259 0.975931
-0.131597 -0.215422 -0 0.368259 0.975931
-0.131597 -0.204975 -0 0.373408 0.978283
-0.145475 -0.287229 -0 0.335312 0.944545
-0.131597 -0.204975 -0 0.373408 0.978283
-0.153731 -0.2733 -0 0.343493 0.937642
-0.145475 -0.287229 -0 0.335312 0.944545
-0.145475 -0.287229 -0 0.335312 0.944545
-0.153731 -0.2733 -0 0.343493 0.937642
-0.181844 -0.359036 -0 0.311113 0.887857
-0.153731 -0.2733 -0 0.343493 0.937642
-0.192164 -0.341625 -0 0.320768 0.879689
-0.181844 -0.359036 -0 0.311113 0.887857
-0.181844 -0.359036 -0 0.311113 0.887857
-0.192164 -0.341625 -0 0.320768 0.879689
-0.218213 -0.430844 -0 0.291938 0.835052
-0.192164 -0.341625 -0 0.320768 0.879689
-0.230597 -0.40995 -0 0.302461 0.82657
-0.218213 -0.430844 -0 0.291938 0.835052
-0.218213 -0.430844 -0 0.291938 0.835052
-0.230597 -0.40995 -0 0.302461 0.82657
-0.254581 -0.502649 -0 0.276416 0.787516
-0.230597 -0.40995 -0 0.302461 0.82657
-0.26903 -0.478275 -0 0.288385 0.777987
-0.254581 -0.502649 -0 0.276416 0.787516
-0.254581 -0.502649 -0 0.276416 0.787516
-0.26903 -0.478275 -0 0.288385 0.777987
-0.29095 -0.574457 -0 0.26426 0.745596
-0.131597 -0.150185 -0 0.402648 0.986771
-0.131597 -0.143615 -0 0.406158 0.987546
-0.131597 -0.225278 -0 0.36332 0.974328
-0.131597 -0.143615 -0 0.406158 0.987546
-0.131597 -0.215422 -0 0.368259 0.975931
-0.131597 -0.225278 -0 0.36332 0.974328
-0.131597 -0.225278 -0 0.36332 0.974328
-0.131597 -0.215422 -0 0.368259 0.975931
-0.13682 -0.300371 -0 0.327249 0.952284
-0.131597 -0.215422 -0 0.368259 0.975931
-0.145475 -0.287229 -0 0.335312 0.944545
-0.13682 -0.300371 -0 0.327249 0.952284
-0.13682 -0.300371 -0 0.327249 0.952284
-0.145475 -0.287229 -0 0.335312 0.944545
-0.171025 -0.375463 -0 0.301571 0.895994
-0.145475 -0.287229 -0 0.335312 0.944545
-0.181844 -0.359036 -0 0.311113 0.887857
-0.171025 -0.375463 -0 0.301571 0.895994
-0.171025 -0.375463 -0 0.301571 0.895994
-0.181844 -0.359036 -0 0.311113 0.887857
-0.20523 -0.450556 -0 0.28113 0.844446
-0.181844 -0.359036 -0 0.311113 0.887857
-0.218213 -0.430844 -0 0.291938 0.835052
-0.20523 -0.450556 -0 0.28113 0.844446
-0.20523 -0.450556 -0 0.28113 0.844446
-0.218213 -0.430844 -0 0.291938 0.835052
-0.239435 -0.525646 -0 0.265108 0.798419
-0.218213 -0.430844 -0 0.291938 0.835052
-0.254581 -0.502649 -0 0.276416 0.787516
-0.239435 -0.525646 -0 0.265108 0.798419
-0.239435 -0.525646 -0 0.265108 0.798419
-0.254581 -0.502649 -0 0.276416 0.787516
-0.273639 -0.600739 -0 0.252241 0.756487
-0.254581 -0.502649 -0 0.276416 0.787516
-0.29095 -0.574457 -0 0.26426 0.745596
-0.273639 -0.600739 -0 0.252241 0.756487
-0.131597 -0.156345 -0 0.400027 0.986171
-0.131597 -0.150185 -0 0.402648 0.986771
-0.131597 -0.234517 -0 0.358431 0.972676
-0.131597 -0.150185 -0 0.402648 0.986771
-0.131597 -0.225278 -0 0.36332 0.974328
-0.131597 -0.234517 -0 0.358431 0.972676
-0.131597 -0.234517 -0 0.358431 0.972676
-0.131597 -0.225278 -0 0.36332 0.974328
-0.131597 -0.312689 -0 0.320867 0.956248
-0.131597 -0.225278 -0 0.36332 0.974328
-0.13682 -0.300371 -0 0.327249 0.952284
-0.131597 -0.312689 -0 0.320867 0.956248
-0.131597 -0.312689 -0 0.320867 0.956248
-0.13682 -0.300371 -0 0.327249 0.952284
-0.159737 -0.390861 -0 0.293163 0.905358
-0.13682 -0.300371 -0 0.327249 0.952284
-0.171025 -0.375463 -0 0.301571 0.895994
-0.159737 -0.390861 -0 0.293163 0.905358
-0.159737 -0.390861 -0 0.293163 0.905358
-0.171025 -0.375463 -0 0.301571 0.895994
-0.191685 -0.469033 -0 0.271647 0.85518
-0.171025 -0.375463 -0 0.301571 0.895994
-0.20523 -0.450556 -0 0.28113 0.844446
-0.191685 -0.469033 -0 0.271647 0.85518
-0.191685 -0.469033 -0 0.271647 0.85518
-0.20523 -0.450556 -0 0.28113 0.844446
-0.223632 -0.547204 -0 0.254338 0.809176
-0.20523 -0.450556 -0 0.28113 0.844446
-0.239435 -0.525646 -0 0.265108 0.798419
-0.223632 -0.547204 -0 0.254338 0.809176
-0.223632 -0.547204 -0 0.254338 0.809176
-0.239435 -0.525646 -0 0.265108 0.798419
-0.255579 -0.625379 -0 0.240427 0.768346
-0.239435 -0.525646 -0 0.265108 0.798419
-0.273639 -0.600739 -0 0.252241 0.756487
-0.255579 -0.625379 -0 0.240427 0.768346
-0.131597 -0.162075 -0 0.396547 0.985346
-0.131597 -0.156345 -0 0.400027 0.986171
-0.131597 -0.243112 -0 0.354397 0.971262
-0.131597 -0.156345 -0 0.400027 0.986171
-0.131597 -0.234517 -0 0.358431 0.972676
-0.131597 -0.243112 -0 0.354397 0.971262
-0.131597 -0.243112 -0 0.354397 0.971262
-0.131597 -0.234517 -0 0.358431 0.972676
-0.131597 -0.32415 -0 0.315533 0.95306
-0.131597 -0.234517 -0 0.358431 0.972676
-0.131597 -0.312689 -0 0.320867 0.956248
-0.131597 -0.32415 -0 0.315533 0.95306
-0.131597 -0.32415 -0 0.315533 0.95306
-0.131597 -0.312689 -0 0.320867 0.956248
-0.148012 -0.405188 -0 0.284496 0.915023
-0.131597 -0.312689 -0 0.320867 0.956248
-0.159737 -0.390861 -0 0.293163 0.905358
-0.148012 -0.405188 -0 0.284496 0.915023
-0.148012 -0.405188 -0 0.284496 0.915023
-0.159737 -0.390861 -0 0.293163 0.905358
-0.177614 -0.486223 -0 0.261905 0.865235
-0.159737 -0.390861 -0 0.293163 0.905358
-0.191685 -0.469033 -0 0.271647 0.85518
-0.177614 -0.486223 -0 0.261905 0.865235
-0.177614 -0.486223 -0 0.261905 0.865235
-0.191685 -0.469033 -0 0.271647 0.85518
-0.207217 -0.567263 -0 0.243755 0.820508
-0.191685 -0.469033 -0 0.271647 0.85518
-0.223632 -0.547204 -0 0.254338 0.809176
-0.207217 -0.567263 -0 0.243755 0.820508
-0.207217 -0.567263 -0 0.243755 0.820508
-0.223632 -0.547204 -0 0.254338 0.809176
-0.236819 -0.648299 -0 0.229405 0.779929
-0.223632 -0.547204 -0 0.254338 0.809176
-0.255579 -0.625379 -0 0.240427 0.768346
-0.236819 -0.648299 -0 0.229405 0.779929
-0.131597 -0.167361 -0 0.39395 0.984709
-0.131597 -0.162075 -0 0.396547 0.985346
-0.131597 -0.251042 -0 0.350218 0.969002
-0.131597 -0.162075 -0 0.396547 0.985346
-0.131597 -0.243112 -0 0.354397 0.971262
-0.131597 -0.251042 -0 0.350218 0.969002
-0.131597 -0.251042 -0 0.350218 0.969002
-0.131597 -0.243112 -0 0.354397 0.971262
-0.131597 -0.334723 -0 0.311205 0.951011
-0.131597 -0.243112 -0 0.354397 0.971262
-0.131597 -0.32415 -0 0.315533 0.95306
-0.131597 -0.334723 -0 0.311205 0.951011
-0.131597 -0.334723 -0 0.311205 0.951011
-0.131597 -0.32415 -0 0.315533 0.95306
-0.135881 -0.418403 -0 0.277025 0.925517
-0.131597 -0.32415 -0 0.315533 0.95306
-0.148012 -0.405188 -0 0.284496 0.915023
-0.135881 -0.418403 -0 0.277025 0.925517
-0.135881 -0.418403 -0 0.277025 0.925517
-0.148012 -0.405188 -0 0.284496 0.915023
-0.163057 -0.502084 -0 0.253141 0.876914
-0.148012 -0.405188 -0 0.284496 0.915023
-0.177614 -0.486223 -0 0.261905 0.865235
-0.163057 -0.502084 -0 0.253141 0.876914
-0.163057 -0.502084 -0 0.253141 0.876914
-0.177614 -0.486223 -0 0.261905 0.865235
-0.190233 -0.585767 -0 0.234102 0.832502
-0.177614 -0.486223 -0 0.261905 0.865235
-0.207217 -0.567263 -0 0.243755 0.820508
-0.190233 -0.585767 -0 0.234102 0.832502
-0.190233 -0.585767 -0 0.234102 0.832502
-0.207217 -0.567263 -0 0.243755 0.820508
-0.217409 -0.669446 -0 0.218519 0.792831
-0.207217 -0.567263 -0 0.243755 0.820508
-0.236819 -0.648299 -0 0.229405 0.779929
-0.217409 -0.669446 -0 0.218519 0.792831
-0.131597 -0.172189 -0 0.391363 0.984057
-0.131597 -0.167361 -0 0.39395 0.984709
-0.131597 -0.258284 -0 0.347044 0.967822
-0.131597 -0.167361 -0 0.39395 0.984709
-0.131597 -0.251042 -0 0.350218 0.969002
-0.131597 -0.258284 -0 0.347044 0.967822
-0.131597 -0.258284 -0 0.347044 0.967822
-0.131597 -0.251042 -0 0.350218 0.969002
-0.131597 -0.344378 -0 0.306935 0.948934
-0.131597 -0.251042 -0 0.350218 0.969002
-0.131597 -0.334723 -0 0.311205 0.951011
-0.131597 -0.344378 -0 0.306935 0.948934
-0.131597 -0.344378 -0 0.306935 0.948934
-0.131597 -0.334723 -0 0.311205 0.951011
-0.131597 -0.430473 -0 0.27109 0.927118
-0.131597 -0.334723 -0 0.311205 0.951011
-0.135881 -0.418403 -0 0.277025 0.925517
-0.131597 -0.430473 -0 0.27109 0.927118
-0.131597 -0.430473 -0 0.27109 0.927118
-0.135881 -0.418403 -0 0.277025 0.925517
-0.148052 -0.516568 -0 0.24458 0.888517
-0.135881 -0.418403 -0 0.277025 0.925517
-0.163057 -0.502084 -0 0.253141 0.876914
-0.148052 -0.516568 -0 0.24458 0.888517
-0.148052 -0.516568 -0 0.24458 0.888517
-0.163057 -0.502084 -0 0.253141 0.876914
-0.172728 -0.602662 -0 0.224548 0.845227
-0.163057 -0.502084 -0 0.253141 0.876914
-0.190233 -0.585767 -0 0.234102 0.832502
-0.172728 -0.602662 -0 0.224548 0.845227
-0.172728 -0.602662 -0 0.224548 0.845227
-0.190233 -0.585767 -0 0.234102 0.832502
-0.197403 -0.688756 -0 0.208316 0.805804
-0.190233 -0.585767 -0 0.234102 0.832502
-0.217409 -0.669446 -0 0.218519 0.792831
-0.197403 -0.688756 -0 0.208316 0.805804
-0.131597 -0.176545 -0 0.388646 0.982598
-0.131597 -0.172189 -0 0.391363 0.984057
-0.131597 -0.264817 -0 0.343111 0.96632
-0.131597 -0.172189 -0 0.391363 0.984057
-0.131597 -0.258284 -0 0.347044 0.967822
-0.131597 -0.264817 -0 0.343111 0.96632
-0.131597 -0.264817 -0 0.343111 0.96632
-0.131597 -0.258284 -0 0.347044 0.967822
-0.131597 -0.353089 -0 0.302725 0.946832
-0.131597 -0.258284 -0 0.347044 0.967822
-0.131597 -0.344378 -0 0.306935 0.948934
-0.131597 -0.353089 -0 0.302725 0.946832
-0.131597 -0.353089 -0 0.302725 0.946832
-0.131597 -0.344378 -0 0.306935 0.948934
-0.131597 -0.441362 -0 0.266787 0.924488
-0.131597 -0.344378 -0 0.306935 0.948934
-0.131597 -0.430473 -0 0.27109 0.927118
-0.131597 -0.441362 -0 0.266787 0.924488
-0.131597 -0.441362 -0 0.266787 0.924488
-0.131597 -0.430473 -0 0.27109 0.927118
-0.132642 -0.529632 -0 0.236277 0.90124
-0.131597 -0.430473 -0 0.27109 0.927118
-0.148052 -0.516568 -0 0.24458 0.888517
-0.132642 -0.529632 -0 0.236277 0.90124
-0.132642 -0.529632 -0 0.236277 0.90124
-0.148052 -0.516568 -0 0.24458 0.888517
-0.154749 -0.617905 -0 0.215315 0.858275
-0.148052 -0.516568 -0 0.24458 0.888517
-0.172728 -0.602662 -0 0.224548 0.845227
-0.154749 -0.617905 -0 0.215315 0.858275
-0.154749 -0.617905 -0 0.215315 0.858275
-0.172728 -0.602662 -0 0.224548 0.845227
-0.176856 -0.706178 -0 0.198627 0.819314
-0.172728 -0.602662 -0 0.224548 0.845227
-0.197403 -0.688756 -0 0.208316 0.805804
-0.176856 -0.706178 -0 0.198627 0.819314
-0.131597 -0.180417 -0 0.386933 0.982144
-0.131597 -0.176545 -0 0.388646 0.982598
-0.131597 -0.270625 -0 0.34077 0.965404
-0.131597 -0.176545 -0 0.388646 0.982598
-0.131597 -0.264817 -0 0.343111 0.96632
-0.131597 -0.270625 -0 0.34077 0.965404
-0.131597 -0.270625 -0 0.34077 0.965404
-0.131597 -0.264817 -0 0.343111 0.96632
-0.131597 -0.360833 -0 0.299729 0.944572
-0.131597 -0.264817 -0 0.343111 0.96632
-0.131597 -0.353089 -0 0.302725 0.946832
-0.131597 -0.360833 -0 0.299729 0.944572
-0.131597 -0.360833 -0 0.299729 0.944572
-0.131597 -0.353089 -0 0.302725 0.946832
-0.131597 -0.451041 -0 0.263761 0.922601
-0.131597 -0.353089 -0 0.302725 0.946832
-0.131597 -0.441362 -0 0.266787 0.924488
-0.131597 -0.451041 -0 0.263761 0.922601
-0.131597 -0.451041 -0 0.263761 0.922601
-0.131597 -0.441362 -0 0.266787 0.924488
-0.131597 -0.541252 -0 0.232332 0.899065
-0.131597 -0.441362 -0 0.266787 0.924488
-0.132642 -0.529632 -0 0.236277 0.90124
-0.131597 -0.541252 -0 0.232332 0.899065
-0.131597 -0.541252 -0 0.232332 0.899065
-0.132642 -0.529632 -0 0.236277 0.90124
-0.136347 -0.631457 -0 0.206797 0.872199
-0.132642 -0.529632 -0 0.236277 0.90124
-0.154749 -0.617905 -0 0.215315 0.858275
-0.136347 -0.631457 -0 0.206797 0.872199
-0.136347 -0.631457 -0 0.206797 0.872199
-0.154749 -0.617905 -0 0.215315 0.858275
-0.155825 -0.721667 -0 0.189208 0.834178
-0.154749 -0.617905 -0 0.215315 0.858275
-0.176856 -0.706178 -0 0.198627 0.819314
-0.155825 -0.721667 -0 0.189208 0.834178
-0.131597 -0.183794 -0 0.385224 0.981684
-0.131597 -0.180417 -0 0.386933 0.982144
-0.131597 -0.275691 -0 0.338443 0.964479
-0.131597 -0.180417 -0 0.386933 0.982144
-0.131597 -0.270625 -0 0.34077 0.965404
-0.131597 -0.275691 -0 0.338443 0.964479
-0.131597 -0.275691 -0 0.338443 0.964479
-0.131597 -0.270625 -0 0.34077 0.965404
-0.131597 -0.367588 -0 0.296297 0.942789
-0.131597 -0.270625 -0 0.34077 0.965404
-0.131597 -0.360833 -0 0.299729 0.944572
-0.131597 -0.367588 -0 0.296297 0.942789
-0.131597 -0.367588 -0 0.296297 0.942789
-0.131597 -0.360833 -0 0.299729 0.944572
-0.131597 -0.459485 -0 0.260183 0.920331
-0.131597 -0.360833 -0 0.299729 0.944572
-0.131597 -0.451041 -0 0.263761 0.922601
-0.131597 -0.459485 -0 0.260183 0.920331
-0.131597 -0.459485 -0 0.260183 0.920331
-0.131597 -0.451041 -0 0.263761 0.922601
-0.131597 -0.551383 -0 0.229255 0.896783
-0.131597 -0.451041 -0 0.263761 0.922601
-0.131597 -0.541252 -0 0.232332 0.899065
-0.131597 -0.551383 -0 0.229255 0.896783
-0.131597 -0.551383 -0 0.229255 0.896783
-0.131597 -0.541252 -0 0.232332 0.899065
-0.131597 -0.643279 -0 0.202896 0.874414
-0.131597 -0.541252 -0 0.232332 0.899065
-0.136347 -0.631457 -0 0.206797 0.872199
-0.131597 -0.643279 -0 0.202896 0.874414
-0.131597 -0.643279 -0 0.202896 0.874414
-0.136347 -0.631457 -0 0.206797 0.872199
-0.134366 -0.735175 -0 0.180513 0.84915
-0.136347 -0.631457 -0 0.206797 0.872199
-0.155825 -0.721667 -0 0.189208 0.834178
-0.134366 -0.735175 -0 0.180513 0.84915
-0.131597 -0.186667 -0 0.383521 0.981217
-0.131597 -0.183794 -0 0.385224 0.981684
-0.131597 -0.280001 -0 0.33613 0.963544
-0.131597 -0.183794 -0 0.385224 0.981684
-0.131597 -0.275691 -0 0.338443 0.964479
-0.131597 -0.280001 -0 0.33613 0.963544
-0.131597 -0.280001 -0 0.33613 0.963544
-0.131597 -0.275691 -0 0.338443 0.964479
-0.131597 -0.373335 -0 0.294257 0.941712
-0.131597 -0.275691 -0 0.338443 0.964479
-0.131597 -0.367588 -0 0.296297 0.942789
-0.131597 -0.373335 -0 0.294257 0.941712
-0.131597 -0.373335 -0 0.294257 0.941712
-0.131597 -0.367588 -0 0.296297 0.942789
-0.131597 -0.466669 -0 0.257593 0.91795
-0.131597 -0.367588 -0 0.296297 0.942789
-0.131597 -0.459485 -0 0.260183 0.920331
-0.131597 -0.466669 -0 0.257593 0.91795
-0.131597 -0.466669 -0 0.257593 0.91795
-0.131597 -0.459485 -0 0.260183 0.920331
-0.131597 -0.560002 -0 0.226731 0.894884
-0.131597 -0.459485 -0 0.260183 0.920331
-0.131597 -0.551383 -0 0.229255 0.896783
-0.131597 -0.560002 -0 0.226731 0.894884
-0.131597 -0.560002 -0 0.226731 0.894884
-0.131597 -0.551383 -0 0.229255 0.896783
-0.131597 -0.653338 -0 0.200081 0.871342
-0.131597 -0.551383 -0 0.229255 0.896783
-0.131597 -0.643279 -0 0.202896 0.874414
-0.131597 -0.653338 -0 0.200081 0.871342
-0.131597 -0.653338 -0 0.200081 0.871342
-0.131597 -0.643279 -0 0.202896 0.874414
-0.131597 -0.746669 -0 0.177542 0.84964
-0.131597 -0.643279 -0 0.202896 0.874414
-0.134366 -0.735175 -0 0.180513 0.84915
-0.131597 -0.746669 -0 0.177542 0.84964
-0.131597 -0.746669 -0 0.177542 0.84964
-0.134366 -0.735175 -0 0.180513 0.84915
-0.131597 -0.840005 -0 0.15841 0.828702
-0.131597 -0.189029 -0 0.381822 0.980743
-0.131597 -0.186667 -0 0.383521 0.981217
-0.131597 -0.283544 -0 0.334399 0.962091
-0.131597 -0.186667 -0 0.383521 0.981217
-0.131597 -0.280001 -0 0.33613 0.963544
-0.131597 -0.283544 -0 0.334399 0.962091
-0.131597 -0.283544 -0 0.334399 0.962091
-0.131597 -0.280001 -0 0.33613 0.963544
-0.131597 -0.378059 -0 0.292233 0.94063
-0.131597 -0.280001 -0 0.33613 0.963544
-0.131597 -0.373335 -0 0.294257 0.941712
-0.131597 -0.378059 -0 0.292233 0.94063
-0.131597 -0.378059 -0 0.292233 0.94063
-0.131597 -0.373335 -0 0.294257 0.941712
-0.131597 -0.472574 -0 0.255264 0.91643
-0.131597 -0.373335 -0 0.294257 0.941712
-0.131597 -0.466669 -0 0.257593 0.91795
-0.131597 -0.472574 -0 0.255264 0.91643
-0.131597 -0.472574 -0 0.255264 0.91643
-0.131597 -0.466669 -0 0.257593 0.91795
-0.131597 -0.567089 -0 0.224241 0.892988
-0.131597 -0.466669 -0 0.257593 0.91795
-0.131597 -0.560002 -0 0.226731 0.894884
-0.131597 -0.567089 -0 0.224241 0.892988
-0.131597 -0.567089 -0 0.224241 0.892988
-0.131597 -0.560002 -0 0.226731 0.894884
-0.131597 -0.661604 -0 0.19796 0.869513
-0.131597 -0.560002 -0 0.226731 0.894884
-0.131597 -0.653338 -0 0.200081 0.871342
-0.131597 -0.661604 -0 0.19796 0.869513
-0.131597 -0.661604 -0 0.19796 0.869513
-0.131597 -0.653338 -0 0.200081 0.871342
-0.131597 -0.756119 -0 0.175164 0.846715
-0.131597 -0.653338 -0 0.200081 0.871342
-0.131597 -0.746669 -0 0.177542 0.84964
-0.131597 -0.756119 -0 0.175164 0.846715
-0.131597 -0.756119 -0 0.175164 0.846715
-0.131597 -0.746669 -0 0.177542 0.84964
-0.131597 -0.850634 -0 0.156255 0.826456
-0.131597 -0.746669 -0 0.177542 0.84964
-0.131597 -0.840005 -0 0.15841 0.828702
-0.131597 -0.850634 -0 0.156255 0.826456
