0.130719 0.213468 -0 0.660793 0.970539
0.132373 0.213468 -0 0.662679 0.96978
0.174292 0.213468 -0 0.703445 0.950905
0.132373 0.213468 -0 0.662679 0.96978
0.176497 0.213468 -0 0.705102 0.950035
0.174292 0.213468 -0 0.703445 0.950905
0.174292 0.213468 -0 0.703445 0.950905
0.176497 0.213468 -0 0.705102 0.950035
0.217865 0.213468 -0 0.74029 0.930417
0.176497 0.213468 -0 0.705102 0.950035
0.220622 0.213468 -0 0.742431 0.929041
0.217865 0.213468 -0 0.74029 0.930417
0.217865 0.213468 -0 0.74029 0.930417
0.220622 0.213468 -0 0.742431 0.929041
0.261438 0.213468 -0 0.77217 0.908321
0.220622 0.213468 -0 0.742431 0.929041
0.264747 0.213468 -0 0.774606 0.906487
0.261438 0.213468 -0 0.77217 0.908321
0.261438 0.213468 -0 0.77217 0.908321
0.264747 0.213468 -0 0.774606 0.906487
0.305012 0.213468 -0 0.79988 0.886152
0.264747 0.213468 -0 0.774606 0.906487
0.308871 0.213468 -0 0.801947 0.88438
0.305012 0.213468 -0 0.79988 0.886152
0.305012 0.213468 -0 0.79988 0.886152
0.308871 0.213468 -0 0.801947 0.88438
0.348584 0.213468 -0 0.822945 0.865396
0.308871 0.213468 -0 0.801947 0.88438
0.352996 0.213468 -0 0.825142 0.863303
0.348584 0.213468 -0 0.822945 0.865396
0.348584 0.213468 -0 0.822945 0.865396
0.352996 0.213468 -0 0.825142 0.863303
0.392158 0.213468 -0 0.842738 0.846504
0.352996 0.213468 -0 0.825142 0.863303
0.39712 0.213468 -0 0.84498 0.844163
0.392158 0.213468 -0 0.842738 0.846504
0.392158 0.213468 -0 0.842738 0.846504
0.39712 0.213468 -0 0.84498 0.844163
0.43573 0.213468 -0 0.860167 0.827659
0.39712 0.213468 -0 0.84498 0.844163
0.441244 0.213468 -0 0.862079 0.8255
0.43573 0.213468 -0 0.860167 0.827659
0.128707 0.213468 -0 0.658898 0.971291
0.130719 0.213468 -0 0.660793 0.970539
0.171609 0.213468 -0 0.700942 0.952205
0.130719 0.213468 -0 0.660793 0.970539
0.174292 0.213468 -0 0.703445 0.950905
0.171609 0.213468 -0 0.700942 0.952205
0.171609 0.213468 -0 0.700942 0.952205
0.174292 0.213468 -0 0.703445 0.950905
0.214511 0.213468 -0 0.737403 0.932249
0.174292 0.213468 -0 0.703445 0.950905
0.217865 0.213468 -0 0.74029 0.930417
0.214511 0.213468 -0 0.737403 0.932249
0.214511 0.213468 -0 0.737403 0.932249
0.217865 0.213468 -0 0.74029 0.930417
0.257414 0.213468 -0 0.769701 0.910159
0.217865 0.213468 -0 0.74029 0.930417
0.261438 0.213468 -0 0.77217 0.908321
0.257414 0.213468 -0 0.769701 0.910159
0.257414 0.213468 -0 0.769701 0.910159
0.261438 0.213468 -0 0.77217 0.908321
0.300316 0.213468 -0 0.796727 0.888822
0.261438 0.213468 -0 0.77217 0.908321
0.305012 0.213468 -0 0.79988 0.886152
0.300316 0.213468 -0 0.796727 0.888822
0.300316 0.213468 -0 0.796727 0.888822
0.305012 0.213468 -0 0.79988 0.886152
0.343218 0.213468 -0 0.820261 0.867926
0.305012 0.213468 -0 0.79988 0.886152
0.348584 0.213468 -0 0.822945 0.865396
0.343218 0.213468 -0 0.820261 0.867926
0.343218 0.213468 -0 0.820261 0.867926
0.348584 0.213468 -0 0.822945 0.865396
0.38612 0.223037 -0 0.838642 0.843062
0.348584 0.213468 -0 0.822945 0.865396
0.392158 0.213468 -0 0.842738 0.846504
0.38612 0.223037 -0 0.838642 0.843062
0.38612 0.223037 -0 0.838642 0.843062
0.392158 0.213468 -0 0.842738 0.846504
0.429022 0.247818 -0 0.851609 0.813023
0.392158 0.213468 -0 0.842738 0.846504
0.43573 0.213468 -0 0.860167 0.827659
0.429022 0.247818 -0 0.851609 0.813023
0.126342 0.213468 -0 0.656037 0.972407
0.128707 0.213468 -0 0.658898 0.971291
0.168456 0.213468 -0 0.69757 0.953925
0.128707 0.213468 -0 0.658898 0.971291
0.171609 0.213468 -0 0.700942 0.952205
0.168456 0.213468 -0 0.69757 0.953925
0.168456 0.213468 -0 0.69757 0.953925
0.171609 0.213468 -0 0.700942 0.952205
0.210569 0.213468 -0 0.73448 0.934076
0.171609 0.213468 -0 0.700942 0.952205
0.214511 0.213468 -0 0.737403 0.932249
0.210569 0.213468 -0 0.73448 0.934076
0.210569 0.213468 -0 0.73448 0.934076
0.214511 0.213468 -0 0.737403 0.932249
0.252684 0.213468 -0 0.765935 0.912919
0.214511 0.213468 -0 0.737403 0.932249
0.257414 0.213468 -0 0.769701 0.910159
0.252684 0.213468 -0 0.765935 0.912919
0.252684 0.213468 -0 0.765935 0.912919
0.257414 0.213468 -0 0.769701 0.910159
0.294797 0.213468 -0 0.793509 0.891507
0.257414 0.213468 -0 0.769701 0.910159
0.300316 0.213468 -0 0.796727 0.888822
0.294797 0.213468 -0 0.793509 0.891507
0.294797 0.213468 -0 0.793509 0.891507
0.300316 0.213468 -0 0.796727 0.888822
0.336912 0.229917 -0 0.813993 0.861503
0.300316 0.213468 -0 0.796727 0.888822
0.343218 0.213468 -0 0.820261 0.867926
0.336912 0.229917 -0 0.813993 0.861503
0.336912 0.229917 -0 0.813993 0.861503
0.343218 0.213468 -0 0.820261 0.867926
0.379024 0.258656 -0 0.829015 0.827084
0.343218 0.213468 -0 0.820261 0.867926
0.38612 0.223037 -0 0.838642 0.843062
0.379024 0.258656 -0 0.829015 0.827084
0.379024 0.258656 -0 0.829015 0.827084
0.38612 0.223037 -0 0.838642 0.843062
0.421139 0.287396 -0 0.841341 0.796338
0.38612 0.223037 -0 0.838642 0.843062
0.429022 0.247818 -0 0.851609 0.813023
0.421139 0.287396 -0 0.841341 0.796338
0.12363 0.213468 -0 0.653156 0.973509
0.126342 0.213468 -0 0.656037 0.972407
0.16484 0.213468 -0 0.694159 0.955631
0.126342 0.213468 -0 0.656037 0.972407
0.168456 0.213468 -0 0.69757 0.953925
0.16484 0.213468 -0 0.694159 0.955631
0.16484 0.213468 -0 0.694159 0.955631
0.168456 0.213468 -0 0.69757 0.953925
0.206051 0.213468 -0 0.730773 0.936353
0.168456 0.213468 -0 0.69757 0.953925
0.210569 0.213468 -0 0.73448 0.934076
0.206051 0.213468 -0 0.730773 0.936353
0.206051 0.213468 -0 0.730773 0.936353
0.210569 0.213468 -0 0.73448 0.934076
0.24726 0.213468 -0 0.762095 0.915683
0.210569 0.213468 -0 0.73448 0.934076
0.252684 0.213468 -0 0.765935 0.912919
0.24726 0.213468 -0 0.762095 0.915683
0.24726 0.213468 -0 0.762095 0.915683
0.252684 0.213468 -0 0.765935 0.912919
0.28847 0.22833 -0 0.787425 0.884619
0.252684 0.213468 -0 0.765935 0.912919
0.294797 0.213468 -0 0.793509 0.891507
0.28847 0.22833 -0 0.787425 0.884619
0.28847 0.22833 -0 0.787425 0.884619
0.294797 0.213468 -0 0.793509 0.891507
0.32968 0.260948 -0 0.804818 0.846047
0.294797 0.213468 -0 0.793509 0.891507
0.336912 0.229917 -0 0.813993 0.861503
0.32968 0.260948 -0 0.804818 0.846047
0.32968 0.260948 -0 0.804818 0.846047
0.336912 0.229917 -0 0.813993 0.861503
0.370891 0.293567 -0 0.819258 0.810522
0.336912 0.229917 -0 0.813993 0.861503
0.379024 0.258656 -0 0.829015 0.827084
0.370891 0.293567 -0 0.819258 0.810522
0.370891 0.293567 -0 0.819258 0.810522
0.379024 0.258656 -0 0.829015 0.827084
0.412101 0.326185 -0 0.830758 0.780047
0.379024 0.258656 -0 0.829015 0.827084
0.421139 0.287396 -0 0.841341 0.796338
0.412101 0.326185 -0 0.830758 0.780047
0.12058 0.213468 -0 0.650254 0.974595
0.12363 0.213468 -0 0.653156 0.973509
0.160774 0.213468 -0 0.69071 0.957321
0.12363 0.213468 -0 0.653156 0.973509
0.16484 0.213468 -0 0.694159 0.955631
0.160774 0.213468 -0 0.69071 0.957321
0.160774 0.213468 -0 0.69071 0.957321
0.16484 0.213468 -0 0.694159 0.955631
0.200967 0.213468 -0 0.726248 0.939073
0.16484 0.213468 -0 0.694159 0.955631
0.206051 0.213468 -0 0.730773 0.936353
0.200967 0.213468 -0 0.726248 0.939073
0.200967 0.213468 -0 0.726248 0.939073
0.206051 0.213468 -0 0.730773 0.936353
0.241161 0.218449 -0 0.756964 0.914979
0.206051 0.213468 -0 0.730773 0.936353
0.24726 0.213468 -0 0.762095 0.915683
0.241161 0.218449 -0 0.756964 0.914979
0.241161 0.218449 -0 0.756964 0.914979
0.24726 0.213468 -0 0.762095 0.915683
0.281354 0.254857 -0 0.778116 0.871385
0.24726 0.213468 -0 0.762095 0.915683
0.28847 0.22833 -0 0.787425 0.884619
0.281354 0.254857 -0 0.778116 0.871385
0.281354 0.254857 -0 0.778116 0.871385
0.28847 0.22833 -0 0.787425 0.884619
0.321547 0.291265 -0 0.795208 0.831343
0.28847 0.22833 -0 0.787425 0.884619
0.32968 0.260948 -0 0.804818 0.846047
0.321547 0.291265 -0 0.795208 0.831343
0.321547 0.291265 -0 0.795208 0.831343
0.32968 0.260948 -0 0.804818 0.846047
0.36174 0.327673 -0 0.808503 0.796138
0.32968 0.260948 -0 0.804818 0.846047
0.370891 0.293567 -0 0.819258 0.810522
0.36174 0.327673 -0 0.808503 0.796138
0.12058 0.213468 -0 0.650254 0.974595
0.160774 0.213468 -0 0.69071 0.957321
0.156266 0.213468 -0 0.686344 0.95941
0.156266 0.213468 -0 0.686344 0.95941
0.160774 0.213468 -0 0.69071 0.957321
0.195332 0.213468 -0 0.721638 0.941777
0.160774 0.213468 -0 0.69071 0.957321
0.200967 0.213468 -0 0.726248 0.939073
0.195332 0.213468 -0 0.721638 0.941777
0.195332 0.213468 -0 0.721638 0.941777
0.200967 0.213468 -0 0.726248 0.939073
0.234399 0.240587 -0 0.748902 0.902014
0.200967 0.213468 -0 0.726248 0.939073
0.241161 0.218449 -0 0.756964 0.914979
0.234399 0.240587 -0 0.748902 0.902014
0.234399 0.240587 -0 0.748902 0.902014
0.241161 0.218449 -0 0.756964 0.914979
0.273466 0.280685 -0 0.76885 0.857348
0.241161 0.218449 -0 0.756964 0.914979
0.281354 0.254857 -0 0.778116 0.871385
0.273466 0.280685 -0 0.76885 0.857348
0.273466 0.280685 -0 0.76885 0.857348
0.281354 0.254857 -0 0.778116 0.871385
0.312532 0.320783 -0 0.784487 0.817613
0.281354 0.254857 -0 0.778116 0.871385
0.321547 0.291265 -0 0.795208 0.831343
0.312532 0.320783 -0 0.784487 0.817613
0.312532 0.320783 -0 0.784487 0.817613
0.321547 0.291265 -0 0.795208 0.831343
0.351599 0.360881 -0 0.797547 0.78215
0.321547 0.291265 -0 0.795208 0.831343
0.36174 0.327673 -0 0.808503 0.796138
0.351599 0.360881 -0 0.797547 0.78215
0.15133 0.213468 -0 0.681026 0.96188
0.156266 0.213468 -0 0.686344 0.95941
0.189163 0.218389 -0 0.715954 0.940523
0.156266 0.213468 -0 0.686344 0.95941
0.195332 0.213468 -0 0.721638 0.941777
0.189163 0.218389 -0 0.715954 0.940523
0.189163 0.218389 -0 0.715954 0.940523
0.195332 0.213468 -0 0.721638 0.941777
0.226994 0.262066 -0 0.739713 0.890599
0.195332 0.213468 -0 0.721638 0.941777
0.234399 0.240587 -0 0.748902 0.902014
0.226994 0.262066 -0 0.739713 0.890599
0.226994 0.262066 -0 0.739713 0.890599
0.234399 0.240587 -0 0.748902 0.902014
0.264828 0.305744 -0 0.758884 0.844538
0.234399 0.240587 -0 0.748902 0.902014
0.273466 0.280685 -0 0.76885 0.857348
0.264828 0.305744 -0 0.758884 0.844538
0.264828 0.305744 -0 0.758884 0.844538
0.273466 0.280685 -0 0.76885 0.857348
0.302659 0.349422 -0 0.774122 0.804537
0.273466 0.280685 -0 0.76885 0.857348
0.312532 0.320783 -0 0.784487 0.817613
0.302659 0.349422 -0 0.774122 0.804537
0.302659 0.349422 -0 0.774122 0.804537
0.312532 0.320783 -0 0.784487 0.817613
0.340493 0.393099 -0 0.786377 0.768021
0.312532 0.320783 -0 0.784487 0.817613
0.351599 0.360881 -0 0.797547 0.78215
0.340493 0.393099 -0 0.786377 0.768021
0.145979 0.213468 -0 0.676528 0.963905
0.15133 0.213468 -0 0.681026 0.96188
0.182474 0.235689 -0 0.707226 0.930068
0.15133 0.213468 -0 0.681026 0.96188
0.189163 0.218389 -0 0.715954 0.940523
0.182474 0.235689 -0 0.707226 0.930068
0.182474 0.235689 -0 0.707226 0.930068
0.189163 0.218389 -0 0.715954 0.940523
0.218969 0.282827 -0 0.72999 0.878616
0.189163 0.218389 -0 0.715954 0.940523
0.226994 0.262066 -0 0.739713 0.890599
0.218969 0.282827 -0 0.72999 0.878616
0.218969 0.282827 -0 0.72999 0.878616
0.226994 0.262066 -0 0.739713 0.890599
0.255463 0.329965 -0 0.748659 0.832068
0.226994 0.262066 -0 0.739713 0.890599
0.264828 0.305744 -0 0.758884 0.844538
0.255463 0.329965 -0 0.748659 0.832068
0.255463 0.329965 -0 0.748659 0.832068
0.264828 0.305744 -0 0.758884 0.844538
0.291959 0.377103 -0 0.762877 0.790914
0.264828 0.305744 -0 0.758884 0.844538
0.302659 0.349422 -0 0.774122 0.804537
0.291959 0.377103 -0 0.762877 0.790914
0.291959 0.377103 -0 0.762877 0.790914
0.302659 0.349422 -0 0.774122 0.804537
0.328453 0.424239 -0 0.774578 0.754499
0.302659 0.349422 -0 0.774122 0.804537
0.340493 0.393099 -0 0.786377 0.768021
0.328453 0.424239 -0 0.774578 0.754499
0.140229 0.213468 -0 0.670131 0.966686
0.145979 0.213468 -0 0.676528 0.963905
0.175286 0.252344 -0 0.698876 0.919942
0.145979 0.213468 -0 0.676528 0.963905
0.182474 0.235689 -0 0.707226 0.930068
0.175286 0.252344 -0 0.698876 0.919942
0.175286 0.252344 -0 0.698876 0.919942
0.182474 0.235689 -0 0.707226 0.930068
0.210343 0.302813 -0 0.720096 0.868418
0.182474 0.235689 -0 0.707226 0.930068
0.218969 0.282827 -0 0.72999 0.878616
0.210343 0.302813 -0 0.720096 0.868418
0.210343 0.302813 -0 0.720096 0.868418
0.218969 0.282827 -0 0.72999 0.878616
0.245399 0.353282 -0 0.737282 0.822202
0.218969 0.282827 -0 0.72999 0.878616
0.255463 0.329965 -0 0.748659 0.832068
0.245399 0.353282 -0 0.737282 0.822202
0.245399 0.353282 -0 0.737282 0.822202
0.255463 0.329965 -0 0.748659 0.832068
0.280456 0.403749 -0 0.75107 0.779657
0.255463 0.329965 -0 0.748659 0.832068
0.291959 0.377103 -0 0.762877 0.790914
0.280456 0.403749 -0 0.75107 0.779657
0.280456 0.403749 -0 0.75107 0.779657
0.291959 0.377103 -0 0.762877 0.790914
0.315514 0.454221 -0 0.762118 0.743674
0.291959 0.377103 -0 0.762877 0.790914
0.328453 0.424239 -0 0.774578 0.754499
0.315514 0.454221 -0 0.762118 0.743674
0.134093 0.214645 -0 0.663858 0.968372
0.140229 0.213468 -0 0.670131 0.966686
0.167617 0.268307 -0 0.689261 0.911281
0.140229 0.213468 -0 0.670131 0.966686
0.175286 0.252344 -0 0.698876 0.919942
0.167617 0.268307 -0 0.689261 0.911281
0.167617 0.268307 -0 0.689261 0.911281
0.175286 0.252344 -0 0.698876 0.919942
0.20114 0.321969 -0 0.709905 0.858113
0.175286 0.252344 -0 0.698876 0.919942
0.210343 0.302813 -0 0.720096 0.868418
0.20114 0.321969 -0 0.709905 0.858113
0.20114 0.321969 -0 0.709905 0.858113
0.210343 0.302813 -0 0.720096 0.868418
0.234663 0.37563 -0 0.726518 0.81037
0.210343 0.302813 -0 0.720096 0.868418
0.245399 0.353282 -0 0.737282 0.822202
0.234663 0.37563 -0 0.726518 0.81037
0.234663 0.37563 -0 0.726518 0.81037
0.245399 0.353282 -0 0.737282 0.822202
0.268186 0.429292 -0 0.738581 0.768415
0.245399 0.353282 -0 0.737282 0.822202
0.280456 0.403749 -0 0.75107 0.779657
0.268186 0.429292 -0 0.738581 0.768415
0.268186 0.429292 -0 0.738581 0.768415
0.280456 0.403749 -0 0.75107 0.779657
0.30171 0.482955 -0 0.749071 0.731255
0.280456 0.403749 -0 0.75107 0.779657
0.315514 0.454221 -0 0.762118 0.743674
0.30171 0.482955 -0 0.749071 0.731255
0.127591 0.226828 -0 0.655911 0.960958
0.134093 0.214645 -0 0.663858 0.968372
0.159488 0.283535 -0 0.679596 0.902619
0.134093 0.214645 -0 0.663858 0.968372
0.167617 0.268307 -0 0.689261 0.911281
0.159488 0.283535 -0 0.679596 0.902619
0.159488 0.283535 -0 0.679596 0.902619
0.167617 0.268307 -0 0.689261 0.911281
0.191386 0.340242 -0 0.699256 0.849319
0.167617 0.268307 -0 0.689261 0.911281
0.20114 0.321969 -0 0.709905 0.858113
0.191386 0.340242 -0 0.699256 0.849319
0.191386 0.340242 -0 0.699256 0.849319
0.20114 0.321969 -0 0.709905 0.858113
0.223284 0.396949 -0 0.714203 0.800607
0.20114 0.321969 -0 0.709905 0.858113
0.234663 0.37563 -0 0.726518 0.81037
0.223284 0.396949 -0 0.714203 0.800607
0.223284 0.396949 -0 0.714203 0.800607
0.234663 0.37563 -0 0.726518 0.81037
0.255181 0.453655 -0 0.726199 0.758745
0.234663 0.37563 -0 0.726518 0.81037
0.268186 0.429292 -0 0.738581 0.768415
0.255181 0.453655 -0 0.726199 0.758745
0.255181 0.453655 -0 0.726199 0.758745
0.268186 0.429292 -0 0.738581 0.768415
0.287078 0.510362 -0 0.735986 0.720542
0.268186 0.429292 -0 0.738581 0.768415
0.30171 0.482955 -0 0.749071 0.731255
0.287078 0.510362 -0 0.735986 0.720542
0.120738 0.238388 -0 0.647233 0.954015
0.127591 0.226828 -0 0.655911 0.960958
0.150923 0.297985 -0 0.669989 0.894081
0.127591 0.226828 -0 0.655911 0.960958
0.159488 0.283535 -0 0.679596 0.902619
0.150923 0.297985 -0 0.669989 0.894081
0.150923 0.297985 -0 0.669989 0.894081
0.159488 0.283535 -0 0.679596 0.902619
0.181107 0.357582 -0 0.687753 0.839648
0.159488 0.283535 -0 0.679596 0.902619
0.191386 0.340242 -0 0.699256 0.849319
0.181107 0.357582 -0 0.687753 0.839648
0.181107 0.357582 -0 0.687753 0.839648
0.191386 0.340242 -0 0.699256 0.849319
0.211292 0.417178 -0 0.702564 0.790775
0.191386 0.340242 -0 0.699256 0.849319
0.223284 0.396949 -0 0.714203 0.800607
0.211292 0.417178 -0 0.702564 0.790775
0.211292 0.417178 -0 0.702564 0.790775
0.223284 0.396949 -0 0.714203 0.800607
0.241477 0.476776 -0 0.713475 0.749596
0.223284 0.396949 -0 0.714203 0.800607
0.255181 0.453655 -0 0.726199 0.758745
0.241477 0.476776 -0 0.713475 0.749596
0.241477 0.476776 -0 0.713475 0.749596
0.255181 0.453655 -0 0.726199 0.758745
0.271662 0.536373 -0 0.722416 0.710388
0.255181 0.453655 -0 0.726199 0.758745
0.287078 0.510362 -0 0.735986 0.720542
0.271662 0.536373 -0 0.722416 0.710388
0.120738 0.238388 -0 0.647233 0.954015
0.150923 0.297985 -0 0.669989 0.894081
0.141943 0.311619 -0 0.65949 0.886173
0.141943 0.311619 -0 0.65949 0.886173
0.150923 0.297985 -0 0.669989 0.894081
0.170332 0.373943 -0 0.677031 0.831508
0.150923 0.297985 -0 0.669989 0.894081
0.181107 0.357582 -0 0.687753 0.839648
0.170332 0.373943 -0 0.677031 0.831508
0.170332 0.373943 -0 0.677031 0.831508
0.181107 0.357582 -0 0.687753 0.839648
0.198721 0.436265 -0 0.689555 0.783585
0.181107 0.357582 -0 0.687753 0.839648
0.211292 0.417178 -0 0.702564 0.790775
0.198721 0.436265 -0 0.689555 0.783585
0.198721 0.436265 -0 0.689555 0.783585
0.211292 0.417178 -0 0.702564 0.790775
0.227109 0.498589 -0 0.700749 0.739252
0.211292 0.417178 -0 0.702564 0.790775
0.241477 0.476776 -0 0.713475 0.749596
0.227109 0.498589 -0 0.700749 0.739252
0.227109 0.498589 -0 0.700749 0.739252
0.241477 0.476776 -0 0.713475 0.749596
0.255499 0.560913 -0 0.708501 0.700993
0.241477 0.476776 -0 0.713475 0.749596
0.271662 0.536373 -0 0.722416 0.710388
0.255499 0.560913 -0 0.708501 0.700993
0.132575 0.324399 -0 0.648998 0.880095
0.141943 0.311619 -0 0.65949 0.886173
0.15909 0.389278 -0 0.665388 0.824327
0.141943 0.311619 -0 0.65949 0.886173
0.170332 0.373943 -0 0.677031 0.831508
0.15909 0.389278 -0 0.665388 0.824327
0.15909 0.389278 -0 0.665388 0.824327
0.170332 0.373943 -0 0.677031 0.831508
0.185605 0.454156 -0 0.676735 0.775335
0.170332 0.373943 -0 0.677031 0.831508
0.198721 0.436265 -0 0.689555 0.783585
0.185605 0.454156 -0 0.676735 0.775335
0.185605 0.454156 -0 0.676735 0.775335
0.198721 0.436265 -0 0.689555 0.783585
0.21212 0.519039 -0 0.686654 0.731942
0.198721 0.436265 -0 0.689555 0.783585
0.227109 0.498589 -0 0.700749 0.739252
0.21212 0.519039 -0 0.686654 0.731942
0.21212 0.519039 -0 0.686654 0.731942
0.227109 0.498589 -0 0.700749 0.739252
0.238635 0.583917 -0 0.694411 0.692568
0.227109 0.498589 -0 0.700749 0.739252
0.255499 0.560913 -0 0.708501 0.700993
0.238635 0.583917 -0 0.694411 0.692568
0.122844 0.336289 -0 0.639101 0.873141
0.132575 0.324399 -0 0.648998 0.880095
0.147412 0.403545 -0 0.653035 0.816492
0.132575 0.324399 -0 0.648998 0.880095
0.15909 0.389278 -0 0.665388 0.824327
0.147412 0.403545 -0 0.653035 0.816492
0.147412 0.403545 -0 0.653035 0.816492
0.15909 0.389278 -0 0.665388 0.824327
0.171981 0.470805 -0 0.664048 0.767931
0.15909 0.389278 -0 0.665388 0.824327
0.185605 0.454156 -0 0.676735 0.775335
0.171981 0.470805 -0 0.664048 0.767931
0.171981 0.470805 -0 0.664048 0.767931
0.185605 0.454156 -0 0.676735 0.775335
0.19655 0.538061 -0 0.67275 0.723664
0.185605 0.454156 -0 0.676735 0.775335
0.21212 0.519039 -0 0.686654 0.731942
0.19655 0.538061 -0 0.67275 0.723664
0.19655 0.538061 -0 0.67275 0.723664
0.21212 0.519039 -0 0.686654 0.731942
0.221118 0.605321 -0 0.68033 0.685323
0.21212 0.519039 -0 0.686654 0.731942
0.238635 0.583917 -0 0.694411 0.692568
0.221118 0.605321 -0 0.68033 0.685323
0.122844 0.336289 -0 0.639101 0.873141
0.147412 0.403545 -0 0.653035 0.816492
0.13533 0.416709 -0 0.640802 0.811197
0.13533 0.416709 -0 0.640802 0.811197
0.147412 0.403545 -0 0.653035 0.816492
0.157885 0.486163 -0 0.650613 0.759897
0.147412 0.403545 -0 0.653035 0.816492
0.171981 0.470805 -0 0.664048 0.767931
0.157885 0.486163 -0 0.650613 0.759897
0.157885 0.486163 -0 0.650613 0.759897
0.171981 0.470805 -0 0.664048 0.767931
0.18044 0.555612 -0 0.659035 0.716527
0.171981 0.470805 -0 0.664048 0.767931
0.19655 0.538061 -0 0.67275 0.723664
0.18044 0.555612 -0 0.659035 0.716527
0.18044 0.555612 -0 0.659035 0.716527
0.19655 0.538061 -0 0.67275 0.723664
0.202995 0.625066 -0 0.665357 0.677502
0.19655 0.538061 -0 0.67275 0.723664
0.221118 0.605321 -0 0.68033 0.685323
0.202995 0.625066 -0 0.665357 0.677502
0.122877 0.42873 -0 0.627985 0.805407
0.13533 0.416709 -0 0.640802 0.811197
0.143357 0.500185 -0 0.637391 0.754941
0.13533 0.416709 -0 0.640802 0.811197
0.157885 0.486163 -0 0.650613 0.759897
0.143357 0.500185 -0 0.637391 0.754941
0.143357 0.500185 -0 0.637391 0.754941
0.157885 0.486163 -0 0.650613 0.759897
0.163836 0.571639 -0 0.644419 0.710959
0.157885 0.486163 -0 0.650613 0.759897
0.18044 0.555612 -0 0.659035 0.716527
0.163836 0.571639 -0 0.644419 0.710959
0.163836 0.571639 -0 0.644419 0.710959
0.18044 0.555612 -0 0.659035 0.716527
0.184316 0.643094 -0 0.650658 0.67112
0.18044 0.555612 -0 0.659035 0.716527
0.202995 0.625066 -0 0.665357 0.677502
0.184316 0.643094 -0 0.650658 0.67112
0.122877 0.42873 -0 0.627985 0.805407
0.143357 0.500185 -0 0.637391 0.754941
0.128435 0.512836 -0 0.623575 0.749539
0.128435 0.512836 -0 0.623575 0.749539
0.143357 0.500185 -0 0.637391 0.754941
0.146784 0.586098 -0 0.630421 0.704704
0.143357 0.500185 -0 0.637391 0.754941
0.163836 0.571639 -0 0.644419 0.710959
0.146784 0.586098 -0 0.630421 0.704704
0.146784 0.586098 -0 0.630421 0.704704
0.163836 0.571639 -0 0.644419 0.710959
0.165131 0.659361 -0 0.6351 0.666545
0.163836 0.571639 -0 0.644419 0.710959
0.184316 0.643094 -0 0.650658 0.67112
0.165131 0.659361 -0 0.6351 0.666545
0.165131 0.659361 -0 0.6351 0.666545
0.184316 0.643094 -0 0.650658 0.67112
0.183479 0.732624 -0 0.639255 0.63163
0.128435 0.512836 -0 0.623575 0.749539
0.146784 0.586098 -0 0.630421 0.704704
0.129328 0.598954 -0 0.615702 0.700211
0.129328 0.598954 -0 0.615702 0.700211
0.146784 0.586098 -0 0.630421 0.704704
0.145494 0.673821 -0 0.620239 0.661431
0.146784 0.586098 -0 0.630421 0.704704
0.165131 0.659361 -0 0.6351 0.666545
0.145494 0.673821 -0 0.620239 0.661431
0.145494 0.673821 -0 0.620239 0.661431
0.165131 0.659361 -0 0.6351 0.666545
0.16166 0.748691 -0 0.622827 0.628456
0.165131 0.659361 -0 0.6351 0.666545
0.183479 0.732624 -0 0.639255 0.63163
0.16166 0.748691 -0 0.622827 0.628456
0.129328 0.598954 -0 0.615702 0.700211
0.145494 0.673821 -0 0.620239 0.661431
0.125458 0.686435 -0 0.604803 0.655964
0.125458 0.686435 -0 0.604803 0.655964
0.145494 0.673821 -0 0.620239 0.661431
0.139398 0.762705 -0 0.607258 0.62248
0.145494 0.673821 -0 0.620239 0.661431
0.16166 0.748691 -0 0.622827 0.628456
0.139398 0.762705 -0 0.607258 0.62248
-0.129328 0.598954 -0 0.402586 0.70113
-0.111518 0.610165 -0 0.41668 0.698223
-0.145494 0.673821 -0 0.398205 0.664567
-0.111518 0.610165 -0 0.41668 0.698223
-0.125458 0.686435 -0 0.413816 0.659014
-0.145494 0.673821 -0 0.398205 0.664567
-0.145494 0.673821 -0 0.398205 0.664567
-0.125458 0.686435 -0 0.413816 0.659014
-0.16166 0.748691 -0 0.394229 0.631439
-0.125458 0.686435 -0 0.413816 0.659014
-0.139398 0.762705 -0 0.409934 0.625408
-0.16166 0.748691 -0 0.394229 0.631439
-0.128435 0.512836 -0 0.394434 0.750675
-0.113162 0.524083 -0 0.407745 0.746547
-0.146784 0.586098 -0 0.387794 0.707929
-0.113162 0.524083 -0 0.407745 0.746547
-0.129328 0.598954 -0 0.402586 0.70113
-0.146784 0.586098 -0 0.387794 0.707929
-0.146784 0.586098 -0 0.387794 0.707929
-0.129328 0.598954 -0 0.402586 0.70113
-0.165131 0.659361 -0 0.383155 0.669759
-0.129328 0.598954 -0 0.402586 0.70113
-0.145494 0.673821 -0 0.398205 0.664567
-0.165131 0.659361 -0 0.383155 0.669759
-0.122877 0.42873 -0 0.389718 0.806732
-0.110088 0.439573 -0 0.402125 0.801887
-0.143357 0.500185 -0 0.380425 0.756214
-0.110088 0.439573 -0 0.402125 0.801887
-0.128435 0.512836 -0 0.394434 0.750675
-0.143357 0.500185 -0 0.380425 0.756214
-0.143357 0.500185 -0 0.380425 0.756214
-0.128435 0.512836 -0 0.394434 0.750675
-0.163836 0.571639 -0 0.373605 0.714266
-0.128435 0.512836 -0 0.394434 0.750675
-0.146784 0.586098 -0 0.387794 0.707929
-0.163836 0.571639 -0 0.373605 0.714266
-0.163836 0.571639 -0 0.373605 0.714266
-0.146784 0.586098 -0 0.387794 0.707929
-0.184316 0.643094 -0 0.367382 0.674412
-0.146784 0.586098 -0 0.387794 0.707929
-0.165131 0.659361 -0 0.383155 0.669759
-0.184316 0.643094 -0 0.367382 0.674412
-0.13533 0.416709 -0 0.376715 0.812658
-0.122877 0.42873 -0 0.389718 0.806732
-0.157885 0.486163 -0 0.367173 0.763247
-0.122877 0.42873 -0 0.389718 0.806732
-0.143357 0.500185 -0 0.380425 0.756214
-0.157885 0.486163 -0 0.367173 0.763247
-0.157885 0.486163 -0 0.367173 0.763247
-0.143357 0.500185 -0 0.380425 0.756214
-0.18044 0.555612 -0 0.358775 0.719915
-0.143357 0.500185 -0 0.380425 0.756214
-0.163836 0.571639 -0 0.373605 0.714266
-0.18044 0.555612 -0 0.358775 0.719915
-0.18044 0.555612 -0 0.358775 0.719915
-0.163836 0.571639 -0 0.373605 0.714266
-0.202995 0.625066 -0 0.352458 0.680864
-0.163836 0.571639 -0 0.373605 0.714266
-0.184316 0.643094 -0 0.367382 0.674412
-0.202995 0.625066 -0 0.352458 0.680864
-0.122844 0.336289 -0 0.379267 0.875018
-0.112775 0.347258 -0 0.390051 0.868916
-0.147412 0.403545 -0 0.36449 0.819798
-0.112775 0.347258 -0 0.390051 0.868916
-0.13533 0.416709 -0 0.376715 0.812658
-0.147412 0.403545 -0 0.36449 0.819798
-0.147412 0.403545 -0 0.36449 0.819798
-0.13533 0.416709 -0 0.376715 0.812658
-0.171981 0.470805 -0 0.353344 0.769465
-0.13533 0.416709 -0 0.376715 0.812658
-0.157885 0.486163 -0 0.367173 0.763247
-0.171981 0.470805 -0 0.353344 0.769465
-0.171981 0.470805 -0 0.353344 0.769465
-0.157885 0.486163 -0 0.367173 0.763247
-0.19655 0.538061 -0 0.344842 0.727123
-0.157885 0.486163 -0 0.367173 0.763247
-0.18044 0.555612 -0 0.358775 0.719915
-0.19655 0.538061 -0 0.344842 0.727123
-0.19655 0.538061 -0 0.344842 0.727123
-0.18044 0.555612 -0 0.358775 0.719915
-0.221118 0.605321 -0 0.338434 0.688986
-0.18044 0.555612 -0 0.358775 0.719915
-0.202995 0.625066 -0 0.352458 0.680864
-0.221118 0.605321 -0 0.338434 0.688986
-0.132575 0.324399 -0 0.368035 0.881766
-0.122844 0.336289 -0 0.379267 0.875018
-0.15909 0.389278 -0 0.352872 0.826376
-0.122844 0.336289 -0 0.379267 0.875018
-0.147412 0.403545 -0 0.36449 0.819798
-0.15909 0.389278 -0 0.352872 0.826376
-0.15909 0.389278 -0 0.352872 0.826376
-0.147412 0.403545 -0 0.36449 0.819798
-0.185605 0.454156 -0 0.340434 0.776991
-0.147412 0.403545 -0 0.36449 0.819798
-0.171981 0.470805 -0 0.353344 0.769465
-0.185605 0.454156 -0 0.340434 0.776991
-0.185605 0.454156 -0 0.340434 0.776991
-0.171981 0.470805 -0 0.353344 0.769465
-0.21212 0.519039 -0 0.331842 0.735758
-0.171981 0.470805 -0 0.353344 0.769465
-0.19655 0.538061 -0 0.344842 0.727123
-0.21212 0.519039 -0 0.331842 0.735758
-0.21212 0.519039 -0 0.331842 0.735758
-0.19655 0.538061 -0 0.344842 0.727123
-0.238635 0.583917 -0 0.324206 0.698376
-0.19655 0.538061 -0 0.344842 0.727123
-0.221118 0.605321 -0 0.338434 0.688986
-0.238635 0.583917 -0 0.324206 0.698376
-0.141943 0.311619 -0 0.35737 0.88795
-0.132575 0.324399 -0 0.368035 0.881766
-0.170332 0.373943 -0 0.340972 0.833693
-0.132575 0.324399 -0 0.368035 0.881766
-0.15909 0.389278 -0 0.352872 0.826376
-0.170332 0.373943 -0 0.340972 0.833693
-0.170332 0.373943 -0 0.340972 0.833693
-0.15909 0.389278 -0 0.352872 0.826376
-0.198721 0.436265 -0 0.328467 0.785703
-0.15909 0.389278 -0 0.352872 0.826376
-0.185605 0.454156 -0 0.340434 0.776991
-0.198721 0.436265 -0 0.328467 0.785703
-0.198721 0.436265 -0 0.328467 0.785703
-0.185605 0.454156 -0 0.340434 0.776991
-0.227109 0.498589 -0 0.318516 0.743461
-0.185605 0.454156 -0 0.340434 0.776991
-0.21212 0.519039 -0 0.331842 0.735758
-0.227109 0.498589 -0 0.318516 0.743461
-0.227109 0.498589 -0 0.318516 0.743461
-0.21212 0.519039 -0 0.331842 0.735758
-0.255499 0.560913 -0 0.309807 0.706812
-0.21212 0.519039 -0 0.331842 0.735758
-0.238635 0.583917 -0 0.324206 0.698376
-0.255499 0.560913 -0 0.309807 0.706812
-0.120738 0.238388 -0 0.370136 0.954949
-0.113555 0.249295 -0 0.37869 0.948068
-0.150923 0.297985 -0 0.347722 0.896337
-0.113555 0.249295 -0 0.37869 0.948068
-0.141943 0.311619 -0 0.35737 0.88795
-0.150923 0.297985 -0 0.347722 0.896337
-0.150923 0.297985 -0 0.347722 0.896337
-0.141943 0.311619 -0 0.35737 0.88795
-0.181107 0.357582 -0 0.329996 0.841954
-0.141943 0.311619 -0 0.35737 0.88795
-0.170332 0.373943 -0 0.340972 0.833693
-0.181107 0.357582 -0 0.329996 0.841954
-0.181107 0.357582 -0 0.329996 0.841954
-0.170332 0.373943 -0 0.340972 0.833693
-0.211292 0.417178 -0 0.316415 0.795108
-0.170332 0.373943 -0 0.340972 0.833693
-0.198721 0.436265 -0 0.328467 0.785703
-0.211292 0.417178 -0 0.316415 0.795108
-0.211292 0.417178 -0 0.316415 0.795108
-0.198721 0.436265 -0 0.328467 0.785703
-0.241477 0.476776 -0 0.305215 0.752058
-0.198721 0.436265 -0 0.328467 0.785703
-0.227109 0.498589 -0 0.318516 0.743461
-0.241477 0.476776 -0 0.305215 0.752058
-0.241477 0.476776 -0 0.305215 0.752058
-0.227109 0.498589 -0 0.318516 0.743461
-0.271662 0.536373 -0 0.296578 0.716505
-0.227109 0.498589 -0 0.318516 0.743461
-0.255499 0.560913 -0 0.309807 0.706812
-0.271662 0.536373 -0 0.296578 0.716505
-0.127591 0.226828 -0 0.361253 0.962031
-0.120738 0.238388 -0 0.370136 0.954949
-0.159488 0.283535 -0 0.337637 0.903679
-0.120738 0.238388 -0 0.370136 0.954949
-0.150923 0.297985 -0 0.347722 0.896337
-0.159488 0.283535 -0 0.337637 0.903679
-0.159488 0.283535 -0 0.337637 0.903679
-0.150923 0.297985 -0 0.347722 0.896337
-0.191386 0.340242 -0 0.3192 0.852148
-0.150923 0.297985 -0 0.347722 0.896337
-0.181107 0.357582 -0 0.329996 0.841954
-0.191386 0.340242 -0 0.3192 0.852148
-0.191386 0.340242 -0 0.3192 0.852148
-0.181107 0.357582 -0 0.329996 0.841954
-0.223284 0.396949 -0 0.304438 0.805015
-0.181107 0.357582 -0 0.329996 0.841954
-0.211292 0.417178 -0 0.316415 0.795108
-0.223284 0.396949 -0 0.304438 0.805015
-0.223284 0.396949 -0 0.304438 0.805015
-0.211292 0.417178 -0 0.316415 0.795108
-0.255181 0.453655 -0 0.292331 0.763122
-0.211292 0.417178 -0 0.316415 0.795108
-0.241477 0.476776 -0 0.305215 0.752058
-0.255181 0.453655 -0 0.292331 0.763122
-0.255181 0.453655 -0 0.292331 0.763122
-0.241477 0.476776 -0 0.305215 0.752058
-0.287078 0.510362 -0 0.28242 0.724807
-0.241477 0.476776 -0 0.305215 0.752058
-0.271662 0.536373 -0 0.296578 0.716505
-0.287078 0.510362 -0 0.28242 0.724807
-0.134093 0.214645 -0 0.35406 0.969943
-0.127591 0.226828 -0 0.361253 0.962031
-0.167617 0.268307 -0 0.328676 0.912902
-0.127591 0.226828 -0 0.361253 0.962031
-0.159488 0.283535 -0 0.337637 0.903679
-0.167617 0.268307 -0 0.328676 0.912902
-0.167617 0.268307 -0 0.328676 0.912902
-0.159488 0.283535 -0 0.337637 0.903679
-0.20114 0.321969 -0 0.308232 0.861062
-0.159488 0.283535 -0 0.337637 0.903679
-0.191386 0.340242 -0 0.3192 0.852148
-0.20114 0.321969 -0 0.308232 0.861062
-0.20114 0.321969 -0 0.308232 0.861062
-0.191386 0.340242 -0 0.3192 0.852148
-0.234663 0.37563 -0 0.292427 0.813663
-0.191386 0.340242 -0 0.3192 0.852148
-0.223284 0.396949 -0 0.304438 0.805015
-0.234663 0.37563 -0 0.292427 0.813663
-0.234663 0.37563 -0 0.292427 0.813663
-0.223284 0.396949 -0 0.304438 0.805015
-0.268186 0.429292 -0 0.279581 0.772853
-0.223284 0.396949 -0 0.304438 0.805015
-0.255181 0.453655 -0 0.292331 0.763122
-0.268186 0.429292 -0 0.279581 0.772853
-0.268186 0.429292 -0 0.279581 0.772853
-0.255181 0.453655 -0 0.292331 0.763122
-0.30171 0.482955 -0 0.269812 0.735924
-0.255181 0.453655 -0 0.292331 0.763122
-0.287078 0.510362 -0 0.28242 0.724807
-0.30171 0.482955 -0 0.269812 0.735924
-0.140229 0.213468 -0 0.347678 0.968333
-0.134093 0.214645 -0 0.35406 0.969943
-0.175286 0.252344 -0 0.31967 0.922141
-0.134093 0.214645 -0 0.35406 0.969943
-0.167617 0.268307 -0 0.328676 0.912902
-0.175286 0.252344 -0 0.31967 0.922141
-0.175286 0.252344 -0 0.31967 0.922141
-0.167617 0.268307 -0 0.328676 0.912902
-0.210343 0.302813 -0 0.298606 0.871903
-0.167617 0.268307 -0 0.328676 0.912902
-0.20114 0.321969 -0 0.308232 0.861062
-0.210343 0.302813 -0 0.298606 0.871903
-0.210343 0.302813 -0 0.298606 0.871903
-0.20114 0.321969 -0 0.308232 0.861062
-0.245399 0.353282 -0 0.281255 0.825631
-0.20114 0.321969 -0 0.308232 0.861062
-0.234663 0.37563 -0 0.292427 0.813663
-0.245399 0.353282 -0 0.281255 0.825631
-0.245399 0.353282 -0 0.281255 0.825631
-0.234663 0.37563 -0 0.292427 0.813663
-0.280456 0.403749 -0 0.268375 0.784925
-0.234663 0.37563 -0 0.292427 0.813663
-0.268186 0.429292 -0 0.279581 0.772853
-0.280456 0.403749 -0 0.268375 0.784925
-0.280456 0.403749 -0 0.268375 0.784925
-0.268186 0.429292 -0 0.279581 0.772853
-0.315514 0.454221 -0 0.2571 0.748775
-0.268186 0.429292 -0 0.279581 0.772853
-0.30171 0.482955 -0 0.269812 0.735924
-0.315514 0.454221 -0 0.2571 0.748775
-0.145979 0.213468 -0 0.341178 0.965621
-0.140229 0.213468 -0 0.347678 0.968333
-0.182474 0.235689 -0 0.310989 0.932413
-0.140229 0.213468 -0 0.347678 0.968333
-0.175286 0.252344 -0 0.31967 0.922141
-0.182474 0.235689 -0 0.310989 0.932413
-0.182474 0.235689 -0 0.310989 0.932413
-0.175286 0.252344 -0 0.31967 0.922141
-0.218969 0.282827 -0 0.288341 0.882202
-0.175286 0.252344 -0 0.31967 0.922141
-0.210343 0.302813 -0 0.298606 0.871903
-0.218969 0.282827 -0 0.288341 0.882202
-0.218969 0.282827 -0 0.288341 0.882202
-0.210343 0.302813 -0 0.298606 0.871903
-0.255463 0.329965 -0 0.270269 0.836036
-0.210343 0.302813 -0 0.298606 0.871903
-0.245399 0.353282 -0 0.281255 0.825631
-0.255463 0.329965 -0 0.270269 0.836036
-0.255463 0.329965 -0 0.270269 0.836036
-0.245399 0.353282 -0 0.281255 0.825631
-0.291959 0.377103 -0 0.256853 0.796644
-0.245399 0.353282 -0 0.281255 0.825631
-0.280456 0.403749 -0 0.268375 0.784925
-0.291959 0.377103 -0 0.256853 0.796644
-0.291959 0.377103 -0 0.256853 0.796644
-0.280456 0.403749 -0 0.268375 0.784925
-0.328453 0.424239 -0 0.244874 0.76003
-0.280456 0.403749 -0 0.268375 0.784925
-0.315514 0.454221 -0 0.2571 0.748775
-0.328453 0.424239 -0 0.244874 0.76003
-0.113497 0.213468 -0 0.374806 0.978386
-0.109484 0.213468 -0 0.378823 0.979704
-0.15133 0.213468 -0 0.336606 0.963642
-0.109484 0.213468 -0 0.378823 0.979704
-0.145979 0.213468 -0 0.341178 0.965621
-0.15133 0.213468 -0 0.336606 0.963642
-0.15133 0.213468 -0 0.336606 0.963642
-0.145979 0.213468 -0 0.341178 0.965621
-0.189163 0.218389 -0 0.302457 0.942376
-0.145979 0.213468 -0 0.341178 0.965621
-0.182474 0.235689 -0 0.310989 0.932413
-0.189163 0.218389 -0 0.302457 0.942376
-0.189163 0.218389 -0 0.302457 0.942376
-0.182474 0.235689 -0 0.310989 0.932413
-0.226994 0.262066 -0 0.279245 0.892723
-0.182474 0.235689 -0 0.310989 0.932413
-0.218969 0.282827 -0 0.288341 0.882202
-0.226994 0.262066 -0 0.279245 0.892723
-0.226994 0.262066 -0 0.279245 0.892723
-0.218969 0.282827 -0 0.288341 0.882202
-0.264828 0.305744 -0 0.260342 0.849053
-0.218969 0.282827 -0 0.288341 0.882202
-0.255463 0.329965 -0 0.270269 0.836036
-0.264828 0.305744 -0 0.260342 0.849053
-0.264828 0.305744 -0 0.260342 0.849053
-0.255463 0.329965 -0 0.270269 0.836036
-0.302659 0.349422 -0 0.245518 0.809286
-0.255463 0.329965 -0 0.270269 0.836036
-0.291959 0.377103 -0 0.256853 0.796644
-0.302659 0.349422 -0 0.245518 0.809286
-0.302659 0.349422 -0 0.245518 0.809286
-0.291959 0.377103 -0 0.256853 0.796644
-0.340493 0.393099 -0 0.232957 0.772472
-0.291959 0.377103 -0 0.256853 0.796644
-0.328453 0.424239 -0 0.244874 0.76003
-0.340493 0.393099 -0 0.232957 0.772472
-0.117199 0.213468 -0 0.370823 0.977036
-0.113497 0.213468 -0 0.374806 0.978386
-0.156266 0.213468 -0 0.332094 0.96163
-0.113497 0.213468 -0 0.374806 0.978386
-0.15133 0.213468 -0 0.336606 0.963642
-0.156266 0.213468 -0 0.332094 0.96163
-0.156266 0.213468 -0 0.332094 0.96163
-0.15133 0.213468 -0 0.336606 0.963642
-0.195332 0.213468 -0 0.2963 0.942656
-0.15133 0.213468 -0 0.336606 0.963642
-0.189163 0.218389 -0 0.302457 0.942376
-0.195332 0.213468 -0 0.2963 0.942656
-0.195332 0.213468 -0 0.2963 0.942656
-0.189163 0.218389 -0 0.302457 0.942376
-0.234399 0.240587 -0 0.27032 0.90481
-0.189163 0.218389 -0 0.302457 0.942376
-0.226994 0.262066 -0 0.279245 0.892723
-0.234399 0.240587 -0 0.27032 0.90481
-0.234399 0.240587 -0 0.27032 0.90481
-0.226994 0.262066 -0 0.279245 0.892723
-0.273466 0.280685 -0 0.250291 0.861127
-0.226994 0.262066 -0 0.279245 0.892723
-0.264828 0.305744 -0 0.260342 0.849053
-0.273466 0.280685 -0 0.250291 0.861127
-0.273466 0.280685 -0 0.250291 0.861127
-0.264828 0.305744 -0 0.260342 0.849053
-0.312532 0.320783 -0 0.234321 0.821106
-0.264828 0.305744 -0 0.260342 0.849053
-0.302659 0.349422 -0 0.245518 0.809286
-0.312532 0.320783 -0 0.234321 0.821106
-0.312532 0.320783 -0 0.234321 0.821106
-0.302659 0.349422 -0 0.245518 0.809286
-0.351599 0.360881 -0 0.221814 0.787132
-0.302659 0.349422 -0 0.245518 0.809286
-0.340493 0.393099 -0 0.232957 0.772472
-0.351599 0.360881 -0 0.221814 0.787132
-0.12058 0.213468 -0 0.367859 0.976003
-0.117199 0.213468 -0 0.370823 0.977036
-0.160774 0.213468 -0 0.327642 0.959588
-0.117199 0.213468 -0 0.370823 0.977036
-0.156266 0.213468 -0 0.332094 0.96163
-0.160774 0.213468 -0 0.327642 0.959588
-0.160774 0.213468 -0 0.327642 0.959588
-0.156266 0.213468 -0 0.332094 0.96163
-0.200967 0.213468 -0 0.291572 0.939983
-0.156266 0.213468 -0 0.332094 0.96163
-0.195332 0.213468 -0 0.2963 0.942656
-0.200967 0.213468 -0 0.291572 0.939983
-0.200967 0.213468 -0 0.291572 0.939983
-0.195332 0.213468 -0 0.2963 0.942656
-0.241161 0.218449 -0 0.261764 0.917969
-0.195332 0.213468 -0 0.2963 0.942656
-0.234399 0.240587 -0 0.27032 0.90481
-0.241161 0.218449 -0 0.261764 0.917969
-0.241161 0.218449 -0 0.261764 0.917969
-0.234399 0.240587 -0 0.27032 0.90481
-0.281354 0.254857 -0 0.240851 0.874577
-0.234399 0.240587 -0 0.27032 0.90481
-0.273466 0.280685 -0 0.250291 0.861127
-0.281354 0.254857 -0 0.240851 0.874577
-0.281354 0.254857 -0 0.240851 0.874577
-0.273466 0.280685 -0 0.250291 0.861127
-0.321547 0.291265 -0 0.224226 0.835868
-0.273466 0.280685 -0 0.250291 0.861127
-0.312532 0.320783 -0 0.234321 0.821106
-0.321547 0.291265 -0 0.224226 0.835868
-0.321547 0.291265 -0 0.224226 0.835868
-0.312532 0.320783 -0 0.234321 0.821106
-0.36174 0.327673 -0 0.21111 0.800688
-0.312532 0.320783 -0 0.234321 0.821106
-0.351599 0.360881 -0 0.221814 0.787132
-0.36174 0.327673 -0 0.21111 0.800688
-0.12363 0.213468 -0 0.363938 0.974601
-0.12058 0.213468 -0 0.367859 0.976003
-0.16484 0.213468 -0 0.32325 0.957517
-0.12058 0.213468 -0 0.367859 0.976003
-0.160774 0.213468 -0 0.327642 0.959588
-0.16484 0.213468 -0 0.32325 0.957517
-0.16484 0.213468 -0 0.32325 0.957517
-0.160774 0.213468 -0 0.327642 0.959588
-0.206051 0.213468 -0 0.287698 0.93774
-0.160774 0.213468 -0 0.327642 0.959588
-0.200967 0.213468 -0 0.291572 0.939983
-0.206051 0.213468 -0 0.287698 0.93774
-0.206051 0.213468 -0 0.287698 0.93774
-0.200967 0.213468 -0 0.291572 0.939983
-0.24726 0.213468 -0 0.256794 0.918119
-0.200967 0.213468 -0 0.291572 0.939983
-0.241161 0.218449 -0 0.261764 0.917969
-0.24726 0.213468 -0 0.256794 0.918119
-0.24726 0.213468 -0 0.256794 0.918119
-0.241161 0.218449 -0 0.261764 0.917969
-0.28847 0.22833 -0 0.232156 0.888905
-0.241161 0.218449 -0 0.261764 0.917969
-0.281354 0.254857 -0 0.240851 0.874577
-0.28847 0.22833 -0 0.232156 0.888905
-0.28847 0.22833 -0 0.232156 0.888905
-0.281354 0.254857 -0 0.240851 0.874577
-0.32968 0.260948 -0 0.214814 0.850394
-0.281354 0.254857 -0 0.240851 0.874577
-0.321547 0.291265 -0 0.224226 0.835868
-0.32968 0.260948 -0 0.214814 0.850394
-0.32968 0.260948 -0 0.214814 0.850394
-0.321547 0.291265 -0 0.224226 0.835868
-0.370891 0.293567 -0 0.200658 0.816048
-0.321547 0.291265 -0 0.224226 0.835868
-0.36174 0.327673 -0 0.21111 0.800688
-0.370891 0.293567 -0 0.200658 0.816048
-0.370891 0.293567 -0 0.200658 0.816048
-0.36174 0.327673 -0 0.21111 0.800688
-0.412101 0.326185 -0 0.189176 0.785485
-0.126342 0.213468 -0 0.36102 0.97353
-0.12363 0.213468 -0 0.363938 0.974601
-0.168456 0.213468 -0 0.320644 0.956262
-0.12363 0.213468 -0 0.363938 0.974601
-0.16484 0.213468 -0 0.32325 0.957517
-0.168456 0.213468 -0 0.320644 0.956262
-0.168456 0.213468 -0 0.320644 0.956262
-0.16484 0.213468 -0 0.32325 0.957517
-0.210569 0.213468 -0 0.283884 0.935486
-0.16484 0.213468 -0 0.32325 0.957517
-0.206051 0.213468 -0 0.287698 0.93774
-0.210569 0.213468 -0 0.283884 0.935486
-0.210569 0.213468 -0 0.283884 0.935486
-0.206051 0.213468 -0 0.287698 0.93774
-0.252684 0.213468 -0 0.252815 0.91536
-0.206051 0.213468 -0 0.287698 0.93774
-0.24726 0.213468 -0 0.256794 0.918119
-0.252684 0.213468 -0 0.252815 0.91536
-0.252684 0.213468 -0 0.252815 0.91536
-0.24726 0.213468 -0 0.256794 0.918119
-0.294797 0.213468 -0 0.225936 0.895267
-0.24726 0.213468 -0 0.256794 0.918119
-0.28847 0.22833 -0 0.232156 0.888905
-0.294797 0.213468 -0 0.225936 0.895267
-0.294797 0.213468 -0 0.225936 0.895267
-0.28847 0.22833 -0 0.232156 0.888905
-0.336912 0.229917 -0 0.205665 0.865806
-0.28847 0.22833 -0 0.232156 0.888905
-0.32968 0.260948 -0 0.214814 0.850394
-0.336912 0.229917 -0 0.205665 0.865806
-0.336912 0.229917 -0 0.205665 0.865806
-0.32968 0.260948 -0 0.214814 0.850394
-0.379024 0.258656 -0 0.190798 0.832408
-0.32968 0.260948 -0 0.214814 0.850394
-0.370891 0.293567 -0 0.200658 0.816048
-0.379024 0.258656 -0 0.190798 0.832408
-0.379024 0.258656 -0 0.190798 0.832408
-0.370891 0.293567 -0 0.200658 0.816048
-0.421139 0.287396 -0 0.178802 0.801884
-0.370891 0.293567 -0 0.200658 0.816048
-0.412101 0.326185 -0 0.189176 0.785485
-0.421139 0.287396 -0 0.178802 0.801884
-0.128707 0.213468 -0 0.359087 0.972807
-0.126342 0.213468 -0 0.36102 0.97353
-0.171609 0.213468 -0 0.317203 0.954574
-0.126342 0.213468 -0 0.36102 0.97353
-0.168456 0.213468 -0 0.320644 0.956262
-0.171609 0.213468 -0 0.317203 0.954574
-0.171609 0.213468 -0 0.317203 0.954574
-0.168456 0.213468 -0 0.320644 0.956262
-0.214511 0.213468 -0 0.280875 0.933675
-0.168456 0.213468 -0 0.320644 0.956262
-0.210569 0.213468 -0 0.283884 0.935486
-0.214511 0.213468 -0 0.280875 0.933675
-0.214511 0.213468 -0 0.280875 0.933675
-0.210569 0.213468 -0 0.283884 0.935486
-0.257414 0.213468 -0 0.249558 0.913063
-0.210569 0.213468 -0 0.283884 0.935486
-0.252684 0.213468 -0 0.252815 0.91536
-0.257414 0.213468 -0 0.249558 0.913063
-0.257414 0.213468 -0 0.249558 0.913063
-0.252684 0.213468 -0 0.252815 0.91536
-0.300316 0.213468 -0 0.222569 0.892564
-0.252684 0.213468 -0 0.252815 0.91536
-0.294797 0.213468 -0 0.225936 0.895267
-0.300316 0.213468 -0 0.222569 0.892564
-0.300316 0.213468 -0 0.222569 0.892564
-0.294797 0.213468 -0 0.225936 0.895267
-0.343218 0.213468 -0 0.199382 0.872747
-0.294797 0.213468 -0 0.225936 0.895267
-0.336912 0.229917 -0 0.205665 0.865806
-0.343218 0.213468 -0 0.199382 0.872747
-0.343218 0.213468 -0 0.199382 0.872747
-0.336912 0.229917 -0 0.205665 0.865806
-0.38612 0.223037 -0 0.18133 0.848686
-0.336912 0.229917 -0 0.205665 0.865806
-0.379024 0.258656 -0 0.190798 0.832408
-0.38612 0.223037 -0 0.18133 0.848686
-0.38612 0.223037 -0 0.18133 0.848686
-0.379024 0.258656 -0 0.190798 0.832408
-0.429022 0.247818 -0 0.168492 0.818792
-0.379024 0.258656 -0 0.190798 0.832408
-0.421139 0.287396 -0 0.178802 0.801884
-0.429022 0.247818 -0 0.168492 0.818792
-0.130719 0.213468 -0 0.357162 0.972078
-0.128707 0.213468 -0 0.359087 0.972807
-0.174292 0.213468 -0 0.314648 0.953297
-0.128707 0.213468 -0 0.359087 0.972807
-0.171609 0.213468 -0 0.317203 0.954574
-0.174292 0.213468 -0 0.314648 0.953297
-0.174292 0.213468 -0 0.314648 0.953297
-0.171609 0.213468 -0 0.317203 0.954574
-0.217865 0.213468 -0 0.277904 0.931858
-0.171609 0.213468 -0 0.317203 0.954574
-0.214511 0.213468 -0 0.280875 0.933675
-0.217865 0.213468 -0 0.277904 0.931858
-0.217865 0.213468 -0 0.277904 0.931858
-0.214511 0.213468 -0 0.280875 0.933675
-0.261438 0.213468 -0 0.246991 0.911225
-0.214511 0.213468 -0 0.280875 0.933675
-0.257414 0.213468 -0 0.249558 0.913063
-0.261438 0.213468 -0 0.246991 0.911225
-0.261438 0.213468 -0 0.246991 0.911225
-0.257414 0.213468 -0 0.249558 0.913063
-0.305012 0.213468 -0 0.219815 0.89032
-0.257414 0.213468 -0 0.249558 0.913063
-0.300316 0.213468 -0 0.222569 0.892564
-0.305012 0.213468 -0 0.219815 0.89032
-0.305012 0.213468 -0 0.219815 0.89032
-0.300316 0.213468 -0 0.222569 0.892564
-0.348584 0.213468 -0 0.197017 0.870604
-0.300316 0.213468 -0 0.222569 0.892564
-0.343218 0.213468 -0 0.199382 0.872747
-0.348584 0.213468 -0 0.197017 0.870604
-0.348584 0.213468 -0 0.197017 0.870604
-0.343218 0.213468 -0 0.199382 0.872747
-0.392158 0.213468 -0 0.177169 0.850907
-0.343218 0.213468 -0 0.199382 0.872747
-0.38612 0.223037 -0 0.18133 0.848686
-0.392158 0.213468 -0 0.177169 0.850907
-0.392158 0.213468 -0 0.177169 0.850907
-0.38612 0.223037 -0 0.18133 0.848686
-0.43573 0.213468 -0 0.160298 0.833443
-0.38612 0.223037 -0 0.18133 0.848686
-0.429022 0.247818 -0 0.168492 0.818792
-0.43573 0.213468 -0 0.160298 0.833443
-0.132373 0.213468 -0 0.355247 0.971341
-0.130719 0.213468 -0 0.357162 0.972078
-0.176497 0.213468 -0 0.312957 0.952442
-0.130719 0.213468 -0 0.357162 0.972078
-0.174292 0.213468 -0 0.314648 0.953297
-0.176497 0.213468 -0 0.312957 0.952442
-0.176497 0.213468 -0 0.312957 0.952442
-0.174292 0.213468 -0 0.314648 0.953297
-0.220622 0.213468 -0 0.276432 0.930948
-0.174292 0.213468 -0 0.314648 0.953297
-0.217865 0.213468 -0 0.277904 0.931858
-0.220622 0.213468 -0 0.276432 0.930948
-0.220622 0.213468 -0 0.276432 0.930948
-0.217865 0.213468 -0 0.277904 0.931858
-0.264747 0.213468 -0 0.244458 0.90939
-0.217865 0.213468 -0 0.277904 0.931858
-0.261438 0.213468 -0 0.246991 0.911225
-0.264747 0.213468 -0 0.244458 0.90939
-0.264747 0.213468 -0 0.244458 0.90939
-0.261438 0.213468 -0 0.246991 0.911225
-0.308871 0.213468 -0 0.217645 0.888532
-0.261438 0.213468 -0 0.246991 0.911225
-0.305012 0.213468 -0 0.219815 0.89032
-0.308871 0.213468 -0 0.217645 0.888532
-0.308871 0.213468 -0 0.217645 0.888532
-0.305012 0.213468 -0 0.219815 0.89032
-0.352996 0.213468 -0 0.194691 0.868474
-0.305012 0.213468 -0 0.219815 0.89032
-0.348584 0.213468 -0 0.197017 0.870604
-0.352996 0.213468 -0 0.194691 0.868474
-0.352996 0.213468 -0 0.194691 0.868474
-0.348584 0.213468 -0 0.197017 0.870604
-0.39712 0.213468 -0 0.174774 0.848508
-0.348584 0.213468 -0 0.197017 0.870604
-0.392158 0.213468 -0 0.177169 0.850907
-0.39712 0.213468 -0 0.174774 0.848508
-0.39712 0.213468 -0 0.174774 0.848508
-0.392158 0.213468 -0 0.177169 0.850907
-0.441244 0.213468 -0 0.158229 0.831208
-0.392158 0.213468 -0 0.177169 0.850907
-0.43573 0.213468 -0 0.160298 0.833443
-0.441244 0.213468 -0 0.158229 0.831208
