0.172728 -0.602662 -0 0.796842 0.865732
0.154749 -0.617905 -0 0.805343 0.879771
0.197403 -0.688756 -0 0.813381 0.826023
0.154749 -0.617905 -0 0.805343 0.879771
0.176856 -0.706178 -0 0.822971 0.840262
0.197403 -0.688756 -0 0.813381 0.826023
0.163057 -0.502084 -0 0.767818 0.897608
0.148052 -0.516568 -0 0.775938 0.909885
0.190233 -0.585767 -0 0.78752 0.852328
0.148052 -0.516568 -0 0.775938 0.909885
0.172728 -0.602662 -0 0.796842 0.865732
0.190233 -0.585767 -0 0.78752 0.852328
0.190233 -0.585767 -0 0.78752 0.852328
0.172728 -0.602662 -0 0.796842 0.865732
0.217409 -0.669446 -0 0.80361 0.811915
0.172728 -0.602662 -0 0.796842 0.865732
0.197403 -0.688756 -0 0.813381 0.826023
0.217409 -0.669446 -0 0.80361 0.811915
0.177614 -0.486223 -0 0.759035 0.885742
0.163057 -0.502084 -0 0.767818 0.897608
0.207217 -0.567263 -0 0.778072 0.839692
0.163057 -0.502084 -0 0.767818 0.897608
0.190233 -0.585767 -0 0.78752 0.852328
0.207217 -0.567263 -0 0.778072 0.839692
0.207217 -0.567263 -0 0.778072 0.839692
0.190233 -0.585767 -0 0.78752 0.852328
0.236819 -0.648299 -0 0.793185 0.798064
0.190233 -0.585767 -0 0.78752 0.852328
0.217409 -0.669446 -0 0.80361 0.811915
0.236819 -0.648299 -0 0.793185 0.798064
0.159737 -0.390861 -0 0.726954 0.926319
0.148012 -0.405188 -0 0.735466 0.936553
0.191685 -0.469033 -0 0.749678 0.874612
0.148012 -0.405188 -0 0.735466 0.936553
0.177614 -0.486223 -0 0.759035 0.885742
0.191685 -0.469033 -0 0.749678 0.874612
0.191685 -0.469033 -0 0.749678 0.874612
0.177614 -0.486223 -0 0.759035 0.885742
0.223632 -0.547204 -0 0.767853 0.828016
0.177614 -0.486223 -0 0.759035 0.885742
0.207217 -0.567263 -0 0.778072 0.839692
0.223632 -0.547204 -0 0.767853 0.828016
0.223632 -0.547204 -0 0.767853 0.828016
0.207217 -0.567263 -0 0.778072 0.839692
0.255579 -0.625379 -0 0.782071 0.786103
0.207217 -0.567263 -0 0.778072 0.839692
0.236819 -0.648299 -0 0.793185 0.798064
0.255579 -0.625379 -0 0.782071 0.786103
0.144264 -0.150185 -0 0.615108 0.989182
0.144264 -0.156345 -0 0.618536 0.988288
0.144264 -0.225278 -0 0.654712 0.977639
0.171025 -0.375463 -0 0.718926 0.916547
0.159737 -0.390861 -0 0.726954 0.926319
0.20523 -0.450556 -0 0.740113 0.863502
0.159737 -0.390861 -0 0.726954 0.926319
0.191685 -0.469033 -0 0.749678 0.874612
0.20523 -0.450556 -0 0.740113 0.863502
0.20523 -0.450556 -0 0.740113 0.863502
0.191685 -0.469033 -0 0.749678 0.874612
0.239435 -0.525646 -0 0.757209 0.816512
0.191685 -0.469033 -0 0.749678 0.874612
0.223632 -0.547204 -0 0.767853 0.828016
0.239435 -0.525646 -0 0.757209 0.816512
0.239435 -0.525646 -0 0.757209 0.816512
0.223632 -0.547204 -0 0.767853 0.828016
0.273639 -0.600739 -0 0.770531 0.773185
0.223632 -0.547204 -0 0.767853 0.828016
0.255579 -0.625379 -0 0.782071 0.786103
0.273639 -0.600739 -0 0.770531 0.773185
0.144264 -0.143615 -0 0.610797 0.990262
0.144264 -0.150185 -0 0.615108 0.989182
0.144264 -0.215422 -0 0.64911 0.979638
0.144264 -0.150185 -0 0.615108 0.989182
0.144264 -0.225278 -0 0.654712 0.977639
0.144264 -0.215422 -0 0.64911 0.979638
0.144264 -0.215422 -0 0.64911 0.979638
0.144264 -0.225278 -0 0.654712 0.977639
0.145475 -0.287229 -0 0.684802 0.964665
0.181844 -0.359036 -0 0.70991 0.906709
0.171025 -0.375463 -0 0.718926 0.916547
0.218213 -0.430844 -0 0.730272 0.853785
0.171025 -0.375463 -0 0.718926 0.916547
0.20523 -0.450556 -0 0.740113 0.863502
0.218213 -0.430844 -0 0.730272 0.853785
0.218213 -0.430844 -0 0.730272 0.853785
0.20523 -0.450556 -0 0.740113 0.863502
0.254581 -0.502649 -0 0.746295 0.805441
0.20523 -0.450556 -0 0.740113 0.863502
0.239435 -0.525646 -0 0.757209 0.816512
0.254581 -0.502649 -0 0.746295 0.805441
0.254581 -0.502649 -0 0.746295 0.805441
0.239435 -0.525646 -0 0.757209 0.816512
0.29095 -0.574457 -0 0.75897 0.761787
0.239435 -0.525646 -0 0.757209 0.816512
0.273639 -0.600739 -0 0.770531 0.773185
0.29095 -0.574457 -0 0.75897 0.761787
0.144264 -0.13665 -0 0.607328 0.991096
0.144264 -0.143615 -0 0.610797 0.990262
0.144264 -0.204975 -0 0.644253 0.9813
0.144264 -0.143615 -0 0.610797 0.990262
0.144264 -0.215422 -0 0.64911 0.979638
0.144264 -0.204975 -0 0.644253 0.9813
0.144264 -0.204975 -0 0.644253 0.9813
0.144264 -0.215422 -0 0.64911 0.979638
0.153731 -0.2733 -0 0.676574 0.957149
0.144264 -0.215422 -0 0.64911 0.979638
0.145475 -0.287229 -0 0.684802 0.964665
0.153731 -0.2733 -0 0.676574 0.957149
0.153731 -0.2733 -0 0.676574 0.957149
0.145475 -0.287229 -0 0.684802 0.964665
0.192164 -0.341625 -0 0.700179 0.898556
0.145475 -0.287229 -0 0.684802 0.964665
0.181844 -0.359036 -0 0.70991 0.906709
0.192164 -0.341625 -0 0.700179 0.898556
0.192164 -0.341625 -0 0.700179 0.898556
0.181844 -0.359036 -0 0.70991 0.906709
0.230597 -0.40995 -0 0.719275 0.844199
0.181844 -0.359036 -0 0.70991 0.906709
0.218213 -0.430844 -0 0.730272 0.853785
0.230597 -0.40995 -0 0.719275 0.844199
0.230597 -0.40995 -0 0.719275 0.844199
0.218213 -0.430844 -0 0.730272 0.853785
0.26903 -0.478275 -0 0.734558 0.795429
0.218213 -0.430844 -0 0.730272 0.853785
0.254581 -0.502649 -0 0.746295 0.805441
0.26903 -0.478275 -0 0.734558 0.795429
0.26903 -0.478275 -0 0.734558 0.795429
0.254581 -0.502649 -0 0.746295 0.805441
0.307462 -0.5466 -0 0.746489 0.751656
0.254581 -0.502649 -0 0.746295 0.805441
0.29095 -0.574457 -0 0.75897 0.761787
0.307462 -0.5466 -0 0.746489 0.751656
0.144264 -0.129311 -0 0.602967 0.992099
0.144264 -0.13665 -0 0.607328 0.991096
0.144264 -0.193966 -0 0.638524 0.983177
0.144264 -0.13665 -0 0.607328 0.991096
0.144264 -0.204975 -0 0.644253 0.9813
0.144264 -0.193966 -0 0.638524 0.983177
0.144264 -0.193966 -0 0.638524 0.983177
0.144264 -0.204975 -0 0.644253 0.9813
0.161566 -0.258622 -0 0.668158 0.950349
0.144264 -0.204975 -0 0.644253 0.9813
0.153731 -0.2733 -0 0.676574 0.957149
0.161566 -0.258622 -0 0.668158 0.950349
0.161566 -0.258622 -0 0.668158 0.950349
0.153731 -0.2733 -0 0.676574 0.957149
0.201958 -0.323278 -0 0.691072 0.889942
0.153731 -0.2733 -0 0.676574 0.957149
0.192164 -0.341625 -0 0.700179 0.898556
0.201958 -0.323278 -0 0.691072 0.889942
0.201958 -0.323278 -0 0.691072 0.889942
0.192164 -0.341625 -0 0.700179 0.898556
0.24235 -0.387933 -0 0.708462 0.835367
0.192164 -0.341625 -0 0.700179 0.898556
0.230597 -0.40995 -0 0.719275 0.844199
0.24235 -0.387933 -0 0.708462 0.835367
0.24235 -0.387933 -0 0.708462 0.835367
0.230597 -0.40995 -0 0.719275 0.844199
0.28274 -0.452589 -0 0.723078 0.785054
0.230597 -0.40995 -0 0.719275 0.844199
0.26903 -0.478275 -0 0.734558 0.795429
0.28274 -0.452589 -0 0.723078 0.785054
0.28274 -0.452589 -0 0.723078 0.785054
0.26903 -0.478275 -0 0.734558 0.795429
0.323132 -0.517245 -0 0.734136 0.74132
0.26903 -0.478275 -0 0.734558 0.795429
0.307462 -0.5466 -0 0.746489 0.751656
0.323132 -0.517245 -0 0.734136 0.74132
0.144264 -0.121618 -0 0.599459 0.992869
0.144264 -0.129311 -0 0.602967 0.992099
0.144264 -0.182426 -0 0.631896 0.985237
0.144264 -0.129311 -0 0.602967 0.992099
0.144264 -0.193966 -0 0.638524 0.983177
0.144264 -0.182426 -0 0.631896 0.985237
0.144264 -0.182426 -0 0.631896 0.985237
0.144264 -0.193966 -0 0.638524 0.983177
0.168959 -0.243235 -0 0.659839 0.943528
0.144264 -0.193966 -0 0.638524 0.983177
0.161566 -0.258622 -0 0.668158 0.950349
0.168959 -0.243235 -0 0.659839 0.943528
0.168959 -0.243235 -0 0.659839 0.943528
0.161566 -0.258622 -0 0.668158 0.950349
0.211198 -0.304044 -0 0.680886 0.882763
0.161566 -0.258622 -0 0.668158 0.950349
0.201958 -0.323278 -0 0.691072 0.889942
0.211198 -0.304044 -0 0.680886 0.882763
0.211198 -0.304044 -0 0.680886 0.882763
0.201958 -0.323278 -0 0.691072 0.889942
0.253438 -0.364853 -0 0.697425 0.826613
0.201958 -0.323278 -0 0.691072 0.889942
0.24235 -0.387933 -0 0.708462 0.835367
0.253438 -0.364853 -0 0.697425 0.826613
0.253438 -0.364853 -0 0.697425 0.826613
0.24235 -0.387933 -0 0.708462 0.835367
0.295676 -0.425662 -0 0.710204 0.776524
0.24235 -0.387933 -0 0.708462 0.835367
0.28274 -0.452589 -0 0.723078 0.785054
0.295676 -0.425662 -0 0.710204 0.776524
0.295676 -0.425662 -0 0.710204 0.776524
0.28274 -0.452589 -0 0.723078 0.785054
0.337916 -0.486469 -0 0.720308 0.73305
0.28274 -0.452589 -0 0.723078 0.785054
0.323132 -0.517245 -0 0.734136 0.74132
0.337916 -0.486469 -0 0.720308 0.73305
0.144264 -0.113591 -0 0.594278 0.9932
0.144264 -0.121618 -0 0.599459 0.992869
0.144264 -0.170386 -0 0.626179 0.98618
0.144264 -0.121618 -0 0.599459 0.992869
0.144264 -0.182426 -0 0.631896 0.985237
0.144264 -0.170386 -0 0.626179 0.98618
0.144264 -0.170386 -0 0.626179 0.98618
0.144264 -0.182426 -0 0.631896 0.985237
0.175888 -0.227182 -0 0.650839 0.937058
0.144264 -0.182426 -0 0.631896 0.985237
0.168959 -0.243235 -0 0.659839 0.943528
0.175888 -0.227182 -0 0.650839 0.937058
0.175888 -0.227182 -0 0.650839 0.937058
0.168959 -0.243235 -0 0.659839 0.943528
0.219859 -0.283977 -0 0.670708 0.875735
0.168959 -0.243235 -0 0.659839 0.943528
0.211198 -0.304044 -0 0.680886 0.882763
0.219859 -0.283977 -0 0.670708 0.875735
0.219859 -0.283977 -0 0.670708 0.875735
0.211198 -0.304044 -0 0.680886 0.882763
0.263831 -0.340773 -0 0.686076 0.819403
0.211198 -0.304044 -0 0.680886 0.882763
0.253438 -0.364853 -0 0.697425 0.826613
0.263831 -0.340773 -0 0.686076 0.819403
0.263831 -0.340773 -0 0.686076 0.819403
0.253438 -0.364853 -0 0.697425 0.826613
0.307802 -0.397568 -0 0.697899 0.768026
0.253438 -0.364853 -0 0.697425 0.826613
0.295676 -0.425662 -0 0.710204 0.776524
0.307802 -0.397568 -0 0.697899 0.768026
0.307802 -0.397568 -0 0.697899 0.768026
0.295676 -0.425662 -0 0.710204 0.776524
0.351776 -0.454363 -0 0.706931 0.724998
0.295676 -0.425662 -0 0.710204 0.776524
0.337916 -0.486469 -0 0.720308 0.73305
0.351776 -0.454363 -0 0.706931 0.724998
0.144264 -0.105253 -0 0.589836 0.994068
0.144264 -0.113591 -0 0.594278 0.9932
0.144264 -0.157879 -0 0.61939 0.98806
0.144264 -0.113591 -0 0.594278 0.9932
0.144264 -0.170386 -0 0.626179 0.98618
0.144264 -0.157879 -0 0.61939 0.98806
0.175888 -0.227182 -0 0.650839 0.937058
0.219859 -0.283977 -0 0.670708 0.875735
0.227918 -0.263132 -0 0.659723 0.869259
0.227918 -0.263132 -0 0.659723 0.869259
0.219859 -0.283977 -0 0.670708 0.875735
0.2735 -0.315758 -0 0.673984 0.81151
0.219859 -0.283977 -0 0.670708 0.875735
0.263831 -0.340773 -0 0.686076 0.819403
0.2735 -0.315758 -0 0.673984 0.81151
0.2735 -0.315758 -0 0.673984 0.81151
0.263831 -0.340773 -0 0.686076 0.819403
0.319086 -0.368385 -0 0.685325 0.761561
0.263831 -0.340773 -0 0.686076 0.819403
0.307802 -0.397568 -0 0.697899 0.768026
0.319086 -0.368385 -0 0.685325 0.761561
0.319086 -0.368385 -0 0.685325 0.761561
0.307802 -0.397568 -0 0.697899 0.768026
0.364668 -0.421011 -0 0.693503 0.715961
0.307802 -0.397568 -0 0.697899 0.768026
0.351776 -0.454363 -0 0.706931 0.724998
0.364668 -0.421011 -0 0.693503 0.715961
0.144264 -0.0966262 -0 0.585371 0.994889
0.144264 -0.105253 -0 0.589836 0.994068
0.144264 -0.144939 -0 0.611662 0.99005
0.144264 -0.105253 -0 0.589836 0.994068
0.144264 -0.157879 -0 0.61939 0.98806
0.144264 -0.144939 -0 0.611662 0.99005
0.235352 -0.241565 -0 0.648898 0.863128
0.227918 -0.263132 -0 0.659723 0.869259
0.282422 -0.289879 -0 0.661768 0.805481
0.227918 -0.263132 -0 0.659723 0.869259
0.2735 -0.315758 -0 0.673984 0.81151
0.282422 -0.289879 -0 0.661768 0.805481
0.282422 -0.289879 -0 0.661768 0.805481
0.2735 -0.315758 -0 0.673984 0.81151
0.329494 -0.338192 -0 0.671978 0.754499
0.2735 -0.315758 -0 0.673984 0.81151
0.319086 -0.368385 -0 0.685325 0.761561
0.329494 -0.338192 -0 0.671978 0.754499
0.329494 -0.338192 -0 0.671978 0.754499
0.319086 -0.368385 -0 0.685325 0.761561
0.376563 -0.386505 -0 0.679864 0.709344
0.319086 -0.368385 -0 0.685325 0.761561
0.364668 -0.421011 -0 0.693503 0.715961
0.376563 -0.386505 -0 0.679864 0.709344
0.144264 -0.0966262 -0 0.585371 0.994889
0.144264 -0.144939 -0 0.611662 0.99005
0.145285 -0.131602 -0 0.604964 0.990151
0.235352 -0.241565 -0 0.648898 0.863128
0.282422 -0.289879 -0 0.661768 0.805481
0.29057 -0.263204 -0 0.649757 0.800106
0.29057 -0.263204 -0 0.649757 0.800106
0.282422 -0.289879 -0 0.661768 0.805481
0.338998 -0.307072 -0 0.65873 0.748196
0.282422 -0.289879 -0 0.661768 0.805481
0.329494 -0.338192 -0 0.671978 0.754499
0.338998 -0.307072 -0 0.65873 0.748196
0.338998 -0.307072 -0 0.65873 0.748196
0.329494 -0.338192 -0 0.671978 0.754499
0.387425 -0.350939 -0 0.665423 0.702167
0.329494 -0.338192 -0 0.671978 0.754499
0.376563 -0.386505 -0 0.679864 0.709344
0.387425 -0.350939 -0 0.665423 0.702167
0.297918 -0.235808 -0 0.637183 0.794244
0.29057 -0.263204 -0 0.649757 0.800106
0.347572 -0.27511 -0 0.644668 0.743008
0.29057 -0.263204 -0 0.649757 0.800106
0.338998 -0.307072 -0 0.65873 0.748196
0.347572 -0.27511 -0 0.644668 0.743008
0.347572 -0.27511 -0 0.644668 0.743008
0.338998 -0.307072 -0 0.65873 0.748196
0.397225 -0.314411 -0 0.651146 0.696007
0.338998 -0.307072 -0 0.65873 0.748196
0.387425 -0.350939 -0 0.665423 0.702167
0.397225 -0.314411 -0 0.651146 0.696007
0.297918 -0.235808 -0 0.637183 0.794244
0.347572 -0.27511 -0 0.644668 0.743008
0.355195 -0.242394 -0 0.631066 0.737144
0.355195 -0.242394 -0 0.631066 0.737144
0.347572 -0.27511 -0 0.644668 0.743008
0.405938 -0.277022 -0 0.636086 0.691179
0.347572 -0.27511 -0 0.644668 0.743008
0.397225 -0.314411 -0 0.651146 0.696007
0.405938 -0.277022 -0 0.636086 0.691179
0.355195 -0.242394 -0 0.631066 0.737144
0.405938 -0.277022 -0 0.636086 0.691179
0.413536 -0.238873 -0 0.621465 0.687631
0.338998 0.307072 -0 0.399084 0.75191
0.347572 0.27511 -0 0.413044 0.745926
0.387425 0.350939 -0 0.391692 0.706742
0.347572 0.27511 -0 0.413044 0.745926
0.397225 0.314411 -0 0.405866 0.699909
0.387425 0.350939 -0 0.391692 0.706742
0.282422 0.289879 -0 0.396558 0.809353
0.29057 0.263204 -0 0.408504 0.8031
0.329494 0.338192 -0 0.385679 0.757423
0.29057 0.263204 -0 0.408504 0.8031
0.338998 0.307072 -0 0.399084 0.75191
0.329494 0.338192 -0 0.385679 0.757423
0.329494 0.338192 -0 0.385679 0.757423
0.338998 0.307072 -0 0.399084 0.75191
0.376563 0.386505 -0 0.377035 0.712925
0.338998 0.307072 -0 0.399084 0.75191
0.387425 0.350939 -0 0.391692 0.706742
0.376563 0.386505 -0 0.377035 0.712925
0.144264 0.105253 -0 0.469196 0.996107
0.144264 0.0966262 -0 0.473794 0.996617
0.144264 0.157879 -0 0.440076 0.990857
0.144264 0.0966262 -0 0.473794 0.996617
0.144264 0.144939 -0 0.447261 0.992166
0.144264 0.157879 -0 0.440076 0.990857
0.2735 0.315758 -0 0.384237 0.816307
0.282422 0.289879 -0 0.396558 0.809353
0.319086 0.368385 -0 0.372115 0.7654
0.282422 0.289879 -0 0.396558 0.809353
0.329494 0.338192 -0 0.385679 0.757423
0.319086 0.368385 -0 0.372115 0.7654
0.319086 0.368385 -0 0.372115 0.7654
0.329494 0.338192 -0 0.385679 0.757423
0.364668 0.421011 -0 0.363192 0.720314
0.329494 0.338192 -0 0.385679 0.757423
0.376563 0.386505 -0 0.377035 0.712925
0.364668 0.421011 -0 0.363192 0.720314
0.144264 0.113591 -0 0.464613 0.995544
0.144264 0.105253 -0 0.469196 0.996107
0.144264 0.170386 -0 0.432951 0.989427
0.144264 0.105253 -0 0.469196 0.996107
0.144264 0.157879 -0 0.440076 0.990857
0.144264 0.170386 -0 0.432951 0.989427
0.219859 0.283977 -0 0.387244 0.878593
0.227918 0.263132 -0 0.39857 0.872279
0.263831 0.340773 -0 0.371691 0.823811
0.227918 0.263132 -0 0.39857 0.872279
0.2735 0.315758 -0 0.384237 0.816307
0.263831 0.340773 -0 0.371691 0.823811
0.263831 0.340773 -0 0.371691 0.823811
0.2735 0.315758 -0 0.384237 0.816307
0.307802 0.397568 -0 0.35925 0.772756
0.2735 0.315758 -0 0.384237 0.816307
0.319086 0.368385 -0 0.372115 0.7654
0.307802 0.397568 -0 0.35925 0.772756
0.307802 0.397568 -0 0.35925 0.772756
0.319086 0.368385 -0 0.372115 0.7654
0.351776 0.454363 -0 0.349227 0.72857
0.319086 0.368385 -0 0.372115 0.7654
0.364668 0.421011 -0 0.363192 0.720314
0.351776 0.454363 -0 0.349227 0.72857
0.144264 0.121618 -0 0.460046 0.99493
0.144264 0.113591 -0 0.464613 0.995544
0.144264 0.182426 -0 0.426769 0.988079
0.144264 0.113591 -0 0.464613 0.995544
0.144264 0.170386 -0 0.432951 0.989427
0.144264 0.182426 -0 0.426769 0.988079
0.211198 0.304044 -0 0.376811 0.88666
0.219859 0.283977 -0 0.387244 0.878593
0.253438 0.364853 -0 0.359812 0.83068
0.219859 0.283977 -0 0.387244 0.878593
0.263831 0.340773 -0 0.371691 0.823811
0.253438 0.364853 -0 0.359812 0.83068
0.253438 0.364853 -0 0.359812 0.83068
0.263831 0.340773 -0 0.371691 0.823811
0.295676 0.425662 -0 0.346488 0.782204
0.263831 0.340773 -0 0.371691 0.823811
0.307802 0.397568 -0 0.35925 0.772756
0.295676 0.425662 -0 0.346488 0.782204
0.295676 0.425662 -0 0.346488 0.782204
0.307802 0.397568 -0 0.35925 0.772756
0.337916 0.486469 -0 0.335309 0.737521
0.307802 0.397568 -0 0.35925 0.772756
0.351776 0.454363 -0 0.349227 0.72857
0.337916 0.486469 -0 0.335309 0.737521
0.144264 0.129311 -0 0.455411 0.993489
0.144264 0.121618 -0 0.460046 0.99493
0.144264 0.193966 -0 0.420509 0.985853
0.144264 0.121618 -0 0.460046 0.99493
0.144264 0.182426 -0 0.426769 0.988079
0.144264 0.193966 -0 0.420509 0.985853
0.144264 0.193966 -0 0.420509 0.985853
0.144264 0.182426 -0 0.426769 0.988079
0.161566 0.258622 -0 0.390084 0.954168
0.201958 0.323278 -0 0.366943 0.89408
0.211198 0.304044 -0 0.376811 0.88666
0.24235 0.387933 -0 0.348077 0.83922
0.211198 0.304044 -0 0.376811 0.88666
0.253438 0.364853 -0 0.359812 0.83068
0.24235 0.387933 -0 0.348077 0.83922
0.24235 0.387933 -0 0.348077 0.83922
0.253438 0.364853 -0 0.359812 0.83068
0.28274 0.452589 -0 0.333643 0.790591
0.253438 0.364853 -0 0.359812 0.83068
0.295676 0.425662 -0 0.346488 0.782204
0.28274 0.452589 -0 0.333643 0.790591
0.28274 0.452589 -0 0.333643 0.790591
0.295676 0.425662 -0 0.346488 0.782204
0.323132 0.517245 -0 0.322466 0.747271
0.295676 0.425662 -0 0.346488 0.782204
0.337916 0.486469 -0 0.335309 0.737521
0.323132 0.517245 -0 0.322466 0.747271
0.144264 0.13665 -0 0.451781 0.992921
0.144264 0.129311 -0 0.455411 0.993489
0.144264 0.204975 -0 0.414429 0.984331
0.144264 0.129311 -0 0.455411 0.993489
0.144264 0.193966 -0 0.420509 0.985853
0.144264 0.204975 -0 0.414429 0.984331
0.144264 0.204975 -0 0.414429 0.984331
0.144264 0.193966 -0 0.420509 0.985853
0.153731 0.2733 -0 0.38116 0.961099
0.144264 0.193966 -0 0.420509 0.985853
0.161566 0.258622 -0 0.390084 0.954168
0.153731 0.2733 -0 0.38116 0.961099
0.153731 0.2733 -0 0.38116 0.961099
0.161566 0.258622 -0 0.390084 0.954168
0.192164 0.341625 -0 0.357161 0.902714
0.161566 0.258622 -0 0.390084 0.954168
0.201958 0.323278 -0 0.366943 0.89408
0.192164 0.341625 -0 0.357161 0.902714
0.192164 0.341625 -0 0.357161 0.902714
0.201958 0.323278 -0 0.366943 0.89408
0.230597 0.40995 -0 0.337488 0.849478
0.201958 0.323278 -0 0.366943 0.89408
0.24235 0.387933 -0 0.348077 0.83922
0.230597 0.40995 -0 0.337488 0.849478
0.230597 0.40995 -0 0.337488 0.849478
0.24235 0.387933 -0 0.348077 0.83922
0.26903 0.478275 -0 0.32204 0.800971
0.24235 0.387933 -0 0.348077 0.83922
0.28274 0.452589 -0 0.333643 0.790591
0.26903 0.478275 -0 0.32204 0.800971
0.26903 0.478275 -0 0.32204 0.800971
0.28274 0.452589 -0 0.333643 0.790591
0.307462 0.5466 -0 0.309046 0.757126
0.28274 0.452589 -0 0.333643 0.790591
0.323132 0.517245 -0 0.322466 0.747271
0.307462 0.5466 -0 0.309046 0.757126
0.144264 0.143615 -0 0.447261 0.992166
0.144264 0.13665 -0 0.451781 0.992921
0.144264 0.215422 -0 0.409265 0.982961
0.144264 0.13665 -0 0.451781 0.992921
0.144264 0.204975 -0 0.414429 0.984331
0.144264 0.215422 -0 0.409265 0.982961
0.144264 0.215422 -0 0.409265 0.982961
0.144264 0.204975 -0 0.414429 0.984331
0.145475 0.287229 -0 0.373098 0.969104
0.144264 0.204975 -0 0.414429 0.984331
0.153731 0.2733 -0 0.38116 0.961099
0.145475 0.287229 -0 0.373098 0.969104
0.145475 0.287229 -0 0.373098 0.969104
0.153731 0.2733 -0 0.38116 0.961099
0.181844 0.359036 -0 0.347388 0.911306
0.153731 0.2733 -0 0.38116 0.961099
0.192164 0.341625 -0 0.357161 0.902714
0.181844 0.359036 -0 0.347388 0.911306
0.181844 0.359036 -0 0.347388 0.911306
0.192164 0.341625 -0 0.357161 0.902714
0.218213 0.430844 -0 0.32683 0.858531
0.192164 0.341625 -0 0.357161 0.902714
0.230597 0.40995 -0 0.337488 0.849478
0.218213 0.430844 -0 0.32683 0.858531
0.218213 0.430844 -0 0.32683 0.858531
0.230597 0.40995 -0 0.337488 0.849478
0.254581 0.502649 -0 0.309907 0.811118
0.230597 0.40995 -0 0.337488 0.849478
0.26903 0.478275 -0 0.32204 0.800971
0.254581 0.502649 -0 0.309907 0.811118
0.254581 0.502649 -0 0.309907 0.811118
0.26903 0.478275 -0 0.32204 0.800971
0.29095 0.574457 -0 0.296859 0.767502
0.26903 0.478275 -0 0.32204 0.800971
0.307462 0.5466 -0 0.309046 0.757126
0.29095 0.574457 -0 0.296859 0.767502
0.144264 0.150185 -0 0.443661 0.991526
0.144264 0.143615 -0 0.447261 0.992166
0.144264 0.225278 -0 0.404146 0.981533
0.144264 0.143615 -0 0.447261 0.992166
0.144264 0.215422 -0 0.409265 0.982961
0.144264 0.225278 -0 0.404146 0.981533
0.145475 0.287229 -0 0.373098 0.969104
0.181844 0.359036 -0 0.347388 0.911306
0.171025 0.375463 -0 0.337928 0.920726
0.171025 0.375463 -0 0.337928 0.920726
0.181844 0.359036 -0 0.347388 0.911306
0.20523 0.450556 -0 0.315854 0.868314
0.181844 0.359036 -0 0.347388 0.911306
0.218213 0.430844 -0 0.32683 0.858531
0.20523 0.450556 -0 0.315854 0.868314
0.20523 0.450556 -0 0.315854 0.868314
0.218213 0.430844 -0 0.32683 0.858531
0.239435 0.525646 -0 0.298959 0.821556
0.218213 0.430844 -0 0.32683 0.858531
0.254581 0.502649 -0 0.309907 0.811118
0.239435 0.525646 -0 0.298959 0.821556
0.239435 0.525646 -0 0.298959 0.821556
0.254581 0.502649 -0 0.309907 0.811118
0.273639 0.600739 -0 0.284618 0.779006
0.254581 0.502649 -0 0.309907 0.811118
0.29095 0.574457 -0 0.296859 0.767502
0.273639 0.600739 -0 0.284618 0.779006
0.144264 0.156345 -0 0.440971 0.991027
0.144264 0.150185 -0 0.443661 0.991526
0.144264 0.234517 -0 0.399073 0.980049
0.144264 0.150185 -0 0.443661 0.991526
0.144264 0.225278 -0 0.404146 0.981533
0.144264 0.234517 -0 0.399073 0.980049
0.159737 0.390861 -0 0.329609 0.931108
0.171025 0.375463 -0 0.337928 0.920726
0.191685 0.469033 -0 0.306448 0.880325
0.171025 0.375463 -0 0.337928 0.920726
0.20523 0.450556 -0 0.315854 0.868314
0.191685 0.469033 -0 0.306448 0.880325
0.191685 0.469033 -0 0.306448 0.880325
0.20523 0.450556 -0 0.315854 0.868314
0.223632 0.547204 -0 0.288193 0.833866
0.20523 0.450556 -0 0.315854 0.868314
0.239435 0.525646 -0 0.298959 0.821556
0.223632 0.547204 -0 0.288193 0.833866
0.223632 0.547204 -0 0.288193 0.833866
0.239435 0.525646 -0 0.298959 0.821556
0.255579 0.625379 -0 0.273241 0.791619
0.239435 0.525646 -0 0.298959 0.821556
0.273639 0.600739 -0 0.284618 0.779006
0.255579 0.625379 -0 0.273241 0.791619
0.144264 0.162075 -0 0.437397 0.990334
0.144264 0.156345 -0 0.440971 0.991027
0.144264 0.243112 -0 0.394881 0.978771
0.144264 0.156345 -0 0.440971 0.991027
0.144264 0.234517 -0 0.399073 0.980049
0.144264 0.243112 -0 0.394881 0.978771
0.148012 0.405188 -0 0.321005 0.94155
0.159737 0.390861 -0 0.329609 0.931108
0.177614 0.486223 -0 0.296761 0.891435
0.159737 0.390861 -0 0.329609 0.931108
0.191685 0.469033 -0 0.306448 0.880325
0.177614 0.486223 -0 0.296761 0.891435
0.177614 0.486223 -0 0.296761 0.891435
0.191685 0.469033 -0 0.306448 0.880325
0.207217 0.567263 -0 0.277378 0.845326
0.191685 0.469033 -0 0.306448 0.880325
0.223632 0.547204 -0 0.288193 0.833866
0.207217 0.567263 -0 0.277378 0.845326
0.207217 0.567263 -0 0.277378 0.845326
0.223632 0.547204 -0 0.288193 0.833866
0.236819 0.648299 -0 0.261552 0.804346
0.223632 0.547204 -0 0.288193 0.833866
0.255579 0.625379 -0 0.273241 0.791619
0.236819 0.648299 -0 0.261552 0.804346
0.144264 0.167361 -0 0.434726 0.989795
0.144264 0.162075 -0 0.437397 0.990334
0.144264 0.251042 -0 0.390724 0.977455
0.144264 0.162075 -0 0.437397 0.990334
0.144264 0.243112 -0 0.394881 0.978771
0.144264 0.251042 -0 0.390724 0.977455
0.148012 0.405188 -0 0.321005 0.94155
0.177614 0.486223 -0 0.296761 0.891435
0.163057 0.502084 -0 0.287818 0.902905
0.163057 0.502084 -0 0.287818 0.902905
0.177614 0.486223 -0 0.296761 0.891435
0.190233 0.585767 -0 0.267139 0.857964
0.177614 0.486223 -0 0.296761 0.891435
0.207217 0.567263 -0 0.277378 0.845326
0.190233 0.585767 -0 0.267139 0.857964
0.190233 0.585767 -0 0.267139 0.857964
0.207217 0.567263 -0 0.277378 0.845326
0.217409 0.669446 -0 0.251 0.817586
0.207217 0.567263 -0 0.277378 0.845326
0.236819 0.648299 -0 0.261552 0.804346
0.217409 0.669446 -0 0.251 0.817586
0.148052 0.516568 -0 0.279527 0.915931
0.163057 0.502084 -0 0.287818 0.902905
0.172728 0.602662 -0 0.25817 0.871743
0.163057 0.502084 -0 0.287818 0.902905
0.190233 0.585767 -0 0.267139 0.857964
0.172728 0.602662 -0 0.25817 0.871743
0.172728 0.602662 -0 0.25817 0.871743
0.190233 0.585767 -0 0.267139 0.857964
0.197403 0.688756 -0 0.240973 0.832501
0.190233 0.585767 -0 0.267139 0.857964
0.217409 0.669446 -0 0.251 0.817586
0.197403 0.688756 -0 0.240973 0.832501
0.148052 0.516568 -0 0.279527 0.915931
0.172728 0.602662 -0 0.25817 0.871743
0.154749 0.617905 -0 0.249133 0.886065
0.154749 0.617905 -0 0.249133 0.886065
0.172728 0.602662 -0 0.25817 0.871743
0.176856 0.706178 -0 0.231223 0.846489
0.172728 0.602662 -0 0.25817 0.871743
0.197403 0.688756 -0 0.240973 0.832501
0.176856 0.706178 -0 0.231223 0.846489
0.154749 0.617905 -0 0.249133 0.886065
0.176856 0.706178 -0 0.231223 0.846489
0.155825 0.721667 -0 0.221936 0.862318
