-2.85493 1.45466 0.64 0.669952 0.397069
-2.77489 1.60208 0.64 0.688012 0.40404
-3.03313 1.54546 1 0.67668 0.327472
-2.77489 1.60208 0.64 0.688012 0.40404
-2.94809 1.70208 1 0.694811 0.333943
-3.03313 1.54546 1 0.67668 0.327472
-3.03313 1.54546 1 0.67668 0.327472
-2.94809 1.70208 1 0.694811 0.333943
-3.21133 1.63626 1.44 0.681141 0.250154
-2.94809 1.70208 1 0.694811 0.333943
-3.1213 1.80208 1.44 0.700837 0.257253
-3.21133 1.63626 1.44 0.681141 0.250154
-3.21133 1.63626 1.44 0.681141 0.250154
-3.1213 1.80208 1.44 0.700837 0.257253
-3.38953 1.72705 1.96 0.683899 0.170738
-3.1213 1.80208 1.44 0.700837 0.257253
-3.2945 1.90208 1.96 0.703233 0.177104
-3.38953 1.72705 1.96 0.683899 0.170738
-0.730836 0.325389 -0 0.57265 0.907617
-0.712805 0.363192 -0 0.582616 0.912048
-0.913545 0.406737 -0 0.587436 0.844443
-0.712805 0.363192 -0 0.582616 0.912048
-0.891007 0.453991 -0 0.597848 0.850115
-0.913545 0.406737 -0 0.587436 0.844443
-0.913545 0.406737 -0 0.587436 0.844443
-0.891007 0.453991 -0 0.597848 0.850115
-1.09625 0.488084 -0 0.598669 0.787988
-0.891007 0.453991 -0 0.597848 0.850115
-1.06921 0.544789 -0 0.61066 0.794583
-1.09625 0.488084 -0 0.598669 0.787988
-1.09625 0.488084 -0 0.598669 0.787988
-1.06921 0.544789 -0 0.61066 0.794583
-1.27896 0.569431 -0 0.6075 0.73877
-1.06921 0.544789 -0 0.61066 0.794583
-1.24741 0.635587 -0 0.621156 0.744202
-1.27896 0.569431 -0 0.6075 0.73877
-1.27896 0.569431 -0 0.6075 0.73877
-1.24741 0.635587 -0 0.621156 0.744202
-1.46167 0.650779 -0 0.614071 0.69646
-1.24741 0.635587 -0 0.621156 0.744202
-1.42561 0.726385 -0 0.629172 0.702476
-1.46167 0.650779 -0 0.614071 0.69646
-1.46167 0.650779 -0 0.614071 0.69646
-1.42561 0.726385 -0 0.629172 0.702476
-1.64438 0.732126 -0 0.620079 0.656371
-1.42561 0.726385 -0 0.629172 0.702476
-1.60381 0.817183 -0 0.635287 0.663169
-1.64438 0.732126 -0 0.620079 0.656371
-1.64438 0.732126 -0 0.620079 0.656371
-1.60381 0.817183 -0 0.635287 0.663169
-1.82709 0.813473 -0 0.624038 0.624204
-1.60381 0.817183 -0 0.635287 0.663169
-1.78201 0.907981 -0 0.639324 0.631628
-1.82709 0.813473 -0 0.624038 0.624204
-1.82709 0.813473 -0 0.624038 0.624204
-1.78201 0.907981 -0 0.639324 0.631628
-2.0098 0.894821 -0 0.627585 0.596043
-1.78201 0.907981 -0 0.639324 0.631628
-1.96021 0.998779 -0 0.644249 0.601571
-2.0098 0.894821 -0 0.627585 0.596043
-2.0098 0.894821 -0 0.627585 0.596043
-1.96021 0.998779 -0 0.644249 0.601571
-2.37902 1.05921 0.04 0.633917 0.541235
-1.96021 0.998779 -0 0.644249 0.601571
-2.32033 1.18227 0.04 0.650535 0.547743
-2.37902 1.05921 0.04 0.633917 0.541235
-2.37902 1.05921 0.04 0.633917 0.541235
-2.32033 1.18227 0.04 0.650535 0.547743
-2.56173 1.14056 0.16 0.639302 0.50061
-2.32033 1.18227 0.04 0.650535 0.547743
-2.49853 1.27306 0.16 0.657005 0.507797
-2.56173 1.14056 0.16 0.639302 0.50061
-2.56173 1.14056 0.16 0.639302 0.50061
-2.49853 1.27306 0.16 0.657005 0.507797
-2.74444 1.2219 0.36 0.645148 0.451198
-2.49853 1.27306 0.16 0.657005 0.507797
-2.67673 1.36386 0.36 0.662546 0.456912
-2.74444 1.2219 0.36 0.645148 0.451198
-2.74444 1.2219 0.36 0.645148 0.451198
-2.67673 1.36386 0.36 0.662546 0.456912
-2.92715 1.30325 0.64 0.651888 0.390211
-2.67673 1.36386 0.36 0.662546 0.456912
-2.85493 1.45466 0.64 0.669952 0.397069
-2.92715 1.30325 0.64 0.651888 0.390211
-2.92715 1.30325 0.64 0.651888 0.390211
-2.85493 1.45466 0.64 0.669952 0.397069
-3.10986 1.3846 1 0.657253 0.321117
-2.85493 1.45466 0.64 0.669952 0.397069
-3.03313 1.54546 1 0.67668 0.327472
-3.10986 1.3846 1 0.657253 0.321117
-3.10986 1.3846 1 0.657253 0.321117
-3.03313 1.54546 1 0.67668 0.327472
-3.29257 1.46595 1.44 0.66205 0.244025
-3.03313 1.54546 1 0.67668 0.327472
-3.21133 1.63626 1.44 0.681141 0.250154
-3.29257 1.46595 1.44 0.66205 0.244025
-3.29257 1.46595 1.44 0.66205 0.244025
-3.21133 1.63626 1.44 0.681141 0.250154
-3.47528 1.54729 1.96 0.663933 0.165223
-3.21133 1.63626 1.44 0.681141 0.250154
-3.38953 1.72705 1.96 0.683899 0.170738
-3.47528 1.54729 1.96 0.663933 0.165223
-0.746864 0.286694 -0 0.562356 0.902803
-0.730836 0.325389 -0 0.57265 0.907617
-0.93358 0.358368 -0 0.575219 0.840207
-0.730836 0.325389 -0 0.57265 0.907617
-0.913545 0.406737 -0 0.587436 0.844443
-0.93358 0.358368 -0 0.575219 0.840207
-0.93358 0.358368 -0 0.575219 0.840207
-0.913545 0.406737 -0 0.587436 0.844443
-1.1203 0.430042 -0 0.586059 0.782777
-0.913545 0.406737 -0 0.587436 0.844443
-1.09625 0.488084 -0 0.598669 0.787988
-1.1203 0.430042 -0 0.586059 0.782777
-1.1203 0.430042 -0 0.586059 0.782777
-1.09625 0.488084 -0 0.598669 0.787988
-1.30701 0.501715 -0 0.59327 0.73287
-1.09625 0.488084 -0 0.598669 0.787988
-1.27896 0.569431 -0 0.6075 0.73877
-1.30701 0.501715 -0 0.59327 0.73287
-1.30701 0.501715 -0 0.59327 0.73287
-1.27896 0.569431 -0 0.6075 0.73877
-1.49373 0.573389 -0 0.599648 0.689774
-1.27896 0.569431 -0 0.6075 0.73877
-1.46167 0.650779 -0 0.614071 0.69646
-1.49373 0.573389 -0 0.599648 0.689774
-1.49373 0.573389 -0 0.599648 0.689774
-1.46167 0.650779 -0 0.614071 0.69646
-1.68044 0.645062 -0 0.605443 0.651248
-1.46167 0.650779 -0 0.614071 0.69646
-1.64438 0.732126 -0 0.620079 0.656371
-1.68044 0.645062 -0 0.605443 0.651248
-1.68044 0.645062 -0 0.605443 0.651248
-1.64438 0.732126 -0 0.620079 0.656371
-1.86716 0.716736 -0 0.609332 0.618575
-1.64438 0.732126 -0 0.620079 0.656371
-1.82709 0.813473 -0 0.624038 0.624204
-1.86716 0.716736 -0 0.609332 0.618575
-1.86716 0.716736 -0 0.609332 0.618575
-1.82709 0.813473 -0 0.624038 0.624204
-2.05388 0.788409 -0 0.61147 0.590072
-1.82709 0.813473 -0 0.624038 0.624204
-2.0098 0.894821 -0 0.627585 0.596043
-2.05388 0.788409 -0 0.61147 0.590072
-2.05388 0.788409 -0 0.61147 0.590072
-2.0098 0.894821 -0 0.627585 0.596043
-2.4312 0.933249 0.04 0.617828 0.534418
-2.0098 0.894821 -0 0.627585 0.596043
-2.37902 1.05921 0.04 0.633917 0.541235
-2.4312 0.933249 0.04 0.617828 0.534418
-2.4312 0.933249 0.04 0.617828 0.534418
-2.37902 1.05921 0.04 0.633917 0.541235
-2.61791 1.00492 0.16 0.621996 0.495622
-2.37902 1.05921 0.04 0.633917 0.541235
-2.56173 1.14056 0.16 0.639302 0.50061
-2.61791 1.00492 0.16 0.621996 0.495622
-2.61791 1.00492 0.16 0.621996 0.495622
-2.56173 1.14056 0.16 0.639302 0.50061
-2.80463 1.0766 0.36 0.626791 0.445401
-2.56173 1.14056 0.16 0.639302 0.50061
-2.74444 1.2219 0.36 0.645148 0.451198
-2.80463 1.0766 0.36 0.626791 0.445401
-2.80463 1.0766 0.36 0.626791 0.445401
-2.74444 1.2219 0.36 0.645148 0.451198
-2.99134 1.14827 0.64 0.632763 0.383367
-2.74444 1.2219 0.36 0.645148 0.451198
-2.92715 1.30325 0.64 0.651888 0.390211
-2.99134 1.14827 0.64 0.632763 0.383367
-2.99134 1.14827 0.64 0.632763 0.383367
-2.92715 1.30325 0.64 0.651888 0.390211
-3.17806 1.21994 1 0.637788 0.315208
-2.92715 1.30325 0.64 0.651888 0.390211
-3.10986 1.3846 1 0.657253 0.321117
-3.17806 1.21994 1 0.637788 0.315208
-3.17806 1.21994 1 0.637788 0.315208
-3.10986 1.3846 1 0.657253 0.321117
-3.36478 1.29162 1.44 0.641666 0.238267
-3.10986 1.3846 1 0.657253 0.321117
-3.29257 1.46595 1.44 0.66205 0.244025
-3.36478 1.29162 1.44 0.641666 0.238267
-3.36478 1.29162 1.44 0.641666 0.238267
-3.29257 1.46595 1.44 0.66205 0.244025
-3.55149 1.36329 1.96 0.644368 0.159562
-3.29257 1.46595 1.44 0.66205 0.244025
-3.47528 1.54729 1.96 0.663933 0.165223
-3.55149 1.36329 1.96 0.644368 0.159562
-0.760845 0.247214 -0 0.552888 0.898799
-0.746864 0.286694 -0 0.562356 0.902803
-0.951057 0.309017 -0 0.563931 0.835356
-0.746864 0.286694 -0 0.562356 0.902803
-0.93358 0.358368 -0 0.575219 0.840207
-0.951057 0.309017 -0 0.563931 0.835356
-0.951057 0.309017 -0 0.563931 0.835356
-0.93358 0.358368 -0 0.575219 0.840207
-1.14127 0.37082 -0 0.572896 0.779045
-0.93358 0.358368 -0 0.575219 0.840207
-1.1203 0.430042 -0 0.586059 0.782777
-1.14127 0.37082 -0 0.572896 0.779045
-1.14127 0.37082 -0 0.572896 0.779045
-1.1203 0.430042 -0 0.586059 0.782777
-1.33148 0.432624 -0 0.579789 0.728424
-1.1203 0.430042 -0 0.586059 0.782777
-1.30701 0.501715 -0 0.59327 0.73287
-1.33148 0.432624 -0 0.579789 0.728424
-1.33148 0.432624 -0 0.579789 0.728424
-1.30701 0.501715 -0 0.59327 0.73287
-1.52169 0.494427 -0 0.584559 0.684862
-1.30701 0.501715 -0 0.59327 0.73287
-1.49373 0.573389 -0 0.599648 0.689774
-1.52169 0.494427 -0 0.584559 0.684862
-1.52169 0.494427 -0 0.584559 0.684862
-1.49373 0.573389 -0 0.599648 0.689774
-1.7119 0.556231 -0 0.590244 0.645781
-1.49373 0.573389 -0 0.599648 0.689774
-1.68044 0.645062 -0 0.605443 0.651248
-1.7119 0.556231 -0 0.590244 0.645781
-1.7119 0.556231 -0 0.590244 0.645781
-1.68044 0.645062 -0 0.605443 0.651248
-1.90211 0.618034 -0 0.59262 0.612727
-1.68044 0.645062 -0 0.605443 0.651248
-1.86716 0.716736 -0 0.609332 0.618575
-1.90211 0.618034 -0 0.59262 0.612727
-1.90211 0.618034 -0 0.59262 0.612727
-1.86716 0.716736 -0 0.609332 0.618575
-2.09232 0.679837 -0 0.596111 0.583717
-1.86716 0.716736 -0 0.609332 0.618575
-2.05388 0.788409 -0 0.61147 0.590072
-2.09232 0.679837 -0 0.596111 0.583717
-2.09232 0.679837 -0 0.596111 0.583717
-2.05388 0.788409 -0 0.61147 0.590072
-2.47671 0.804731 0.04 0.601041 0.529822
-2.05388 0.788409 -0 0.61147 0.590072
-2.4312 0.933249 0.04 0.617828 0.534418
-2.47671 0.804731 0.04 0.601041 0.529822
-2.47671 0.804731 0.04 0.601041 0.529822
-2.4312 0.933249 0.04 0.617828 0.534418
-2.66692 0.866534 0.16 0.603897 0.490513
-2.4312 0.933249 0.04 0.617828 0.534418
-2.61791 1.00492 0.16 0.621996 0.495622
-2.66692 0.866534 0.16 0.603897 0.490513
-2.66692 0.866534 0.16 0.603897 0.490513
-2.61791 1.00492 0.16 0.621996 0.495622
-2.85713 0.928337 0.36 0.608924 0.43964
-2.61791 1.00492 0.16 0.621996 0.495622
-2.80463 1.0766 0.36 0.626791 0.445401
-2.85713 0.928337 0.36 0.608924 0.43964
-2.85713 0.928337 0.36 0.608924 0.43964
-2.80463 1.0766 0.36 0.626791 0.445401
-3.04734 0.990141 0.64 0.614079 0.379037
-2.80463 1.0766 0.36 0.626791 0.445401
-2.99134 1.14827 0.64 0.632763 0.383367
-3.04734 0.990141 0.64 0.614079 0.379037
-3.04734 0.990141 0.64 0.614079 0.379037
-2.99134 1.14827 0.64 0.632763 0.383367
-3.23755 1.05194 1 0.618541 0.30979
-2.99134 1.14827 0.64 0.632763 0.383367
-3.17806 1.21994 1 0.637788 0.315208
-3.23755 1.05194 1 0.618541 0.30979
-3.23755 1.05194 1 0.618541 0.30979
-3.17806 1.21994 1 0.637788 0.315208
-3.42776 1.11375 1.44 0.622488 0.233568
-3.17806 1.21994 1 0.637788 0.315208
-3.36478 1.29162 1.44 0.641666 0.238267
-3.42776 1.11375 1.44 0.622488 0.233568
-3.42776 1.11375 1.44 0.622488 0.233568
-3.36478 1.29162 1.44 0.641666 0.238267
-3.61797 1.17555 1.96 0.623593 0.154509
-3.36478 1.29162 1.44 0.641666 0.238267
-3.55149 1.36329 1.96 0.644368 0.159562
-3.61797 1.17555 1.96 0.623593 0.154509
-0.772741 0.207055 -0 0.543095 0.895891
-0.760845 0.247214 -0 0.552888 0.898799
-0.965926 0.258819 -0 0.552225 0.831823
-0.760845 0.247214 -0 0.552888 0.898799
-0.951057 0.309017 -0 0.563931 0.835356
-0.965926 0.258819 -0 0.552225 0.831823
-0.965926 0.258819 -0 0.552225 0.831823
-0.951057 0.309017 -0 0.563931 0.835356
-1.15911 0.310583 -0 0.559352 0.774932
-0.951057 0.309017 -0 0.563931 0.835356
-1.14127 0.37082 -0 0.572896 0.779045
-1.15911 0.310583 -0 0.559352 0.774932
-1.15911 0.310583 -0 0.559352 0.774932
-1.14127 0.37082 -0 0.572896 0.779045
-1.3523 0.362347 -0 0.565898 0.723616
-1.14127 0.37082 -0 0.572896 0.779045
-1.33148 0.432624 -0 0.579789 0.728424
-1.3523 0.362347 -0 0.565898 0.723616
-1.3523 0.362347 -0 0.565898 0.723616
-1.33148 0.432624 -0 0.579789 0.728424
-1.54548 0.41411 -0 0.570424 0.679448
-1.33148 0.432624 -0 0.579789 0.728424
-1.52169 0.494427 -0 0.584559 0.684862
-1.54548 0.41411 -0 0.570424 0.679448
-1.54548 0.41411 -0 0.570424 0.679448
-1.52169 0.494427 -0 0.584559 0.684862
-1.73867 0.465874 -0 0.574459 0.642321
-1.52169 0.494427 -0 0.584559 0.684862
-1.7119 0.556231 -0 0.590244 0.645781
-1.73867 0.465874 -0 0.574459 0.642321
-1.73867 0.465874 -0 0.574459 0.642321
-1.7119 0.556231 -0 0.590244 0.645781
-1.93185 0.517638 -0 0.576716 0.608875
-1.7119 0.556231 -0 0.590244 0.645781
-1.90211 0.618034 -0 0.59262 0.612727
-1.93185 0.517638 -0 0.576716 0.608875
-1.93185 0.517638 -0 0.576716 0.608875
-1.90211 0.618034 -0 0.59262 0.612727
-2.12504 0.569402 -0 0.578702 0.5796
-1.90211 0.618034 -0 0.59262 0.612727
-2.09232 0.679837 -0 0.596111 0.583717
-2.12504 0.569402 -0 0.578702 0.5796
-2.12504 0.569402 -0 0.578702 0.5796
-2.09232 0.679837 -0 0.596111 0.583717
-2.51543 0.674007 0.04 0.583632 0.525075
-2.09232 0.679837 -0 0.596111 0.583717
-2.47671 0.804731 0.04 0.601041 0.529822
-2.51543 0.674007 0.04 0.583632 0.525075
-2.51543 0.674007 0.04 0.583632 0.525075
-2.47671 0.804731 0.04 0.601041 0.529822
-2.70861 0.725771 0.16 0.586542 0.485333
-2.47671 0.804731 0.04 0.601041 0.529822
-2.66692 0.866534 0.16 0.603897 0.490513
-2.70861 0.725771 0.16 0.586542 0.485333
-2.70861 0.725771 0.16 0.586542 0.485333
-2.66692 0.866534 0.16 0.603897 0.490513
-2.9018 0.777535 0.36 0.590337 0.43388
-2.66692 0.866534 0.16 0.603897 0.490513
-2.85713 0.928337 0.36 0.608924 0.43964
-2.9018 0.777535 0.36 0.590337 0.43388
-2.9018 0.777535 0.36 0.590337 0.43388
-2.85713 0.928337 0.36 0.608924 0.43964
-3.09498 0.829298 0.64 0.594571 0.374884
-2.85713 0.928337 0.36 0.608924 0.43964
-3.04734 0.990141 0.64 0.614079 0.379037
-3.09498 0.829298 0.64 0.594571 0.374884
-3.09498 0.829298 0.64 0.594571 0.374884
-3.04734 0.990141 0.64 0.614079 0.379037
-3.28817 0.881062 1 0.598405 0.304693
-3.04734 0.990141 0.64 0.614079 0.379037
-3.23755 1.05194 1 0.618541 0.30979
-3.28817 0.881062 1 0.598405 0.304693
-3.28817 0.881062 1 0.598405 0.304693
-3.23755 1.05194 1 0.618541 0.30979
-3.48135 0.932826 1.44 0.602372 0.229363
-3.23755 1.05194 1 0.618541 0.30979
-3.42776 1.11375 1.44 0.622488 0.233568
-3.48135 0.932826 1.44 0.602372 0.229363
-3.48135 0.932826 1.44 0.602372 0.229363
-3.42776 1.11375 1.44 0.622488 0.233568
-3.67454 0.98459 1.96 0.604043 0.150782
-3.42776 1.11375 1.44 0.622488 0.233568
-3.61797 1.17555 1.96 0.623593 0.154509
-3.67454 0.98459 1.96 0.604043 0.150782
-0.782518 0.166329 -0 0.531823 0.892827
-0.772741 0.207055 -0 0.543095 0.895891
-0.978148 0.207912 -0 0.540174 0.82967
-0.772741 0.207055 -0 0.543095 0.895891
-0.965926 0.258819 -0 0.552225 0.831823
-0.978148 0.207912 -0 0.540174 0.82967
-0.978148 0.207912 -0 0.540174 0.82967
-0.965926 0.258819 -0 0.552225 0.831823
-1.17378 0.249494 -0 0.546809 0.772269
-0.965926 0.258819 -0 0.552225 0.831823
-1.15911 0.310583 -0 0.559352 0.774932
-1.17378 0.249494 -0 0.546809 0.772269
-1.17378 0.249494 -0 0.546809 0.772269
-1.15911 0.310583 -0 0.559352 0.774932
-1.36941 0.291076 -0 0.551564 0.720595
-1.15911 0.310583 -0 0.559352 0.774932
-1.3523 0.362347 -0 0.565898 0.723616
-1.36941 0.291076 -0 0.551564 0.720595
-1.36941 0.291076 -0 0.551564 0.720595
-1.3523 0.362347 -0 0.565898 0.723616
-1.56504 0.332659 -0 0.55584 0.675988
-1.3523 0.362347 -0 0.565898 0.723616
-1.54548 0.41411 -0 0.570424 0.679448
-1.56504 0.332659 -0 0.55584 0.675988
-1.56504 0.332659 -0 0.55584 0.675988
-1.54548 0.41411 -0 0.570424 0.679448
-1.76067 0.374241 -0 0.558228 0.638582
-1.54548 0.41411 -0 0.570424 0.679448
-1.73867 0.465874 -0 0.574459 0.642321
-1.76067 0.374241 -0 0.558228 0.638582
-1.76067 0.374241 -0 0.558228 0.638582
-1.73867 0.465874 -0 0.574459 0.642321
-1.9563 0.415823 -0 0.560358 0.604785
-1.73867 0.465874 -0 0.574459 0.642321
-1.93185 0.517638 -0 0.576716 0.608875
-1.9563 0.415823 -0 0.560358 0.604785
-1.9563 0.415823 -0 0.560358 0.604785
-1.93185 0.517638 -0 0.576716 0.608875
-2.15192 0.457406 -0 0.562272 0.575217
-1.93185 0.517638 -0 0.576716 0.608875
-2.12504 0.569402 -0 0.578702 0.5796
-2.15192 0.457406 -0 0.562272 0.575217
-2.15192 0.457406 -0 0.562272 0.575217
-2.12504 0.569402 -0 0.578702 0.5796
-2.54726 0.541436 0.04 0.565673 0.520199
-2.12504 0.569402 -0 0.578702 0.5796
-2.51543 0.674007 0.04 0.583632 0.525075
-2.54726 0.541436 0.04 0.565673 0.520199
-2.54726 0.541436 0.04 0.565673 0.520199
-2.51543 0.674007 0.04 0.583632 0.525075
-2.74289 0.583018 0.16 0.568639 0.480095
-2.51543 0.674007 0.04 0.583632 0.525075
-2.70861 0.725771 0.16 0.586542 0.485333
-2.74289 0.583018 0.16 0.568639 0.480095
-2.74289 0.583018 0.16 0.568639 0.480095
-2.70861 0.725771 0.16 0.586542 0.485333
-2.93851 0.624601 0.36 0.572647 0.430673
-2.70861 0.725771 0.16 0.586542 0.485333
-2.9018 0.777535 0.36 0.590337 0.43388
-2.93851 0.624601 0.36 0.572647 0.430673
-2.93851 0.624601 0.36 0.572647 0.430673
-2.9018 0.777535 0.36 0.590337 0.43388
-3.13414 0.666183 0.64 0.575794 0.371066
-2.9018 0.777535 0.36 0.590337 0.43388
-3.09498 0.829298 0.64 0.594571 0.374884
-3.13414 0.666183 0.64 0.575794 0.371066
-3.13414 0.666183 0.64 0.575794 0.371066
-3.09498 0.829298 0.64 0.594571 0.374884
-3.32977 0.707765 1 0.578889 0.300157
-3.09498 0.829298 0.64 0.594571 0.374884
-3.28817 0.881062 1 0.598405 0.304693
-3.32977 0.707765 1 0.578889 0.300157
-3.32977 0.707765 1 0.578889 0.300157
-3.28817 0.881062 1 0.598405 0.304693
-3.5254 0.749348 1.44 0.581403 0.225749
-3.28817 0.881062 1 0.598405 0.304693
-3.48135 0.932826 1.44 0.602372 0.229363
-3.5254 0.749348 1.44 0.581403 0.225749
-3.5254 0.749348 1.44 0.581403 0.225749
-3.48135 0.932826 1.44 0.602372 0.229363
-3.72103 0.79093 1.96 0.583631 0.147774
-3.48135 0.932826 1.44 0.602372 0.229363
-3.67454 0.98459 1.96 0.604043 0.150782
-3.72103 0.79093 1.96 0.583631 0.147774
-0.790151 0.125148 -0 0.521589 0.890777
-0.782518 0.166329 -0 0.531823 0.892827
-0.987688 0.156434 -0 0.527918 0.82721
-0.782518 0.166329 -0 0.531823 0.892827
-0.978148 0.207912 -0 0.540174 0.82967
-0.987688 0.156434 -0 0.527918 0.82721
-0.987688 0.156434 -0 0.527918 0.82721
-0.978148 0.207912 -0 0.540174 0.82967
-1.18523 0.187721 -0 0.53259 0.769409
-0.978148 0.207912 -0 0.540174 0.82967
-1.17378 0.249494 -0 0.546809 0.772269
-1.18523 0.187721 -0 0.53259 0.769409
-1.18523 0.187721 -0 0.53259 0.769409
-1.17378 0.249494 -0 0.546809 0.772269
-1.38276 0.219008 -0 0.536931 0.717259
-1.17378 0.249494 -0 0.546809 0.772269
-1.36941 0.291076 -0 0.551564 0.720595
-1.38276 0.219008 -0 0.536931 0.717259
-1.38276 0.219008 -0 0.536931 0.717259
-1.36941 0.291076 -0 0.551564 0.720595
-1.5803 0.250295 -0 0.540941 0.672252
-1.36941 0.291076 -0 0.551564 0.720595
-1.56504 0.332659 -0 0.55584 0.675988
-1.5803 0.250295 -0 0.540941 0.672252
-1.5803 0.250295 -0 0.540941 0.672252
-1.56504 0.332659 -0 0.55584 0.675988
-1.77784 0.281582 -0 0.543145 0.634506
-1.56504 0.332659 -0 0.55584 0.675988
-1.76067 0.374241 -0 0.558228 0.638582
-1.77784 0.281582 -0 0.543145 0.634506
-1.77784 0.281582 -0 0.543145 0.634506
-1.76067 0.374241 -0 0.558228 0.638582
-1.97538 0.312869 -0 0.545155 0.600422
-1.76067 0.374241 -0 0.558228 0.638582
-1.9563 0.415823 -0 0.560358 0.604785
-1.97538 0.312869 -0 0.545155 0.600422
-1.97538 0.312869 -0 0.545155 0.600422
-1.9563 0.415823 -0 0.560358 0.604785
-2.17291 0.344156 -0 0.546977 0.573116
-1.9563 0.415823 -0 0.560358 0.604785
-2.15192 0.457406 -0 0.562272 0.575217
-2.17291 0.344156 -0 0.546977 0.573116
-2.17291 0.344156 -0 0.546977 0.573116
-2.15192 0.457406 -0 0.562272 0.575217
-2.5721 0.407381 0.04 0.548798 0.517745
-2.15192 0.457406 -0 0.562272 0.575217
-2.54726 0.541436 0.04 0.565673 0.520199
-2.5721 0.407381 0.04 0.548798 0.517745
-2.5721 0.407381 0.04 0.548798 0.517745
-2.54726 0.541436 0.04 0.565673 0.520199
-2.76964 0.438668 0.16 0.551829 0.477367
-2.54726 0.541436 0.04 0.565673 0.520199
-2.74289 0.583018 0.16 0.568639 0.480095
-2.76964 0.438668 0.16 0.551829 0.477367
-2.76964 0.438668 0.16 0.551829 0.477367
-2.74289 0.583018 0.16 0.568639 0.480095
-2.96718 0.469955 0.36 0.55449 0.427568
-2.74289 0.583018 0.16 0.568639 0.480095
-2.93851 0.624601 0.36 0.572647 0.430673
-2.96718 0.469955 0.36 0.55449 0.427568
-2.96718 0.469955 0.36 0.55449 0.427568
-2.93851 0.624601 0.36 0.572647 0.430673
-3.16471 0.501242 0.64 0.556481 0.367486
-2.93851 0.624601 0.36 0.572647 0.430673
-3.13414 0.666183 0.64 0.575794 0.371066
-3.16471 0.501242 0.64 0.556481 0.367486
-3.16471 0.501242 0.64 0.556481 0.367486
-3.13414 0.666183 0.64 0.575794 0.371066
-3.36225 0.532528 1 0.55887 0.29817
-3.13414 0.666183 0.64 0.575794 0.371066
-3.32977 0.707765 1 0.578889 0.300157
-3.36225 0.532528 1 0.55887 0.29817
-3.36225 0.532528 1 0.55887 0.29817
-3.32977 0.707765 1 0.578889 0.300157
-3.55979 0.563815 1.44 0.562344 0.221302
-3.32977 0.707765 1 0.578889 0.300157
-3.5254 0.749348 1.44 0.581403 0.225749
-3.55979 0.563815 1.44 0.562344 0.221302
-3.55979 0.563815 1.44 0.562344 0.221302
-3.5254 0.749348 1.44 0.581403 0.225749
-3.75733 0.595102 1.96 0.563604 0.14429
-3.5254 0.749348 1.44 0.581403 0.225749
-3.72103 0.79093 1.96 0.583631 0.147774
-3.75733 0.595102 1.96 0.563604 0.14429
-0.795618 0.0836228 -0 0.511228 0.888473
-0.790151 0.125148 -0 0.521589 0.890777
-0.994522 0.104528 -0 0.515484 0.824436
-0.790151 0.125148 -0 0.521589 0.890777
-0.987688 0.156434 -0 0.527918 0.82721
-0.994522 0.104528 -0 0.515484 0.824436
-0.994522 0.104528 -0 0.515484 0.824436
-0.987688 0.156434 -0 0.527918 0.82721
-1.19343 0.125434 -0 0.519601 0.766132
-0.987688 0.156434 -0 0.527918 0.82721
-1.18523 0.187721 -0 0.53259 0.769409
-1.19343 0.125434 -0 0.519601 0.766132
-1.19343 0.125434 -0 0.519601 0.766132
-1.18523 0.187721 -0 0.53259 0.769409
-1.39233 0.14634 -0 0.522013 0.715795
-1.18523 0.187721 -0 0.53259 0.769409
-1.38276 0.219008 -0 0.536931 0.717259
-1.39233 0.14634 -0 0.522013 0.715795
-1.39233 0.14634 -0 0.522013 0.715795
-1.38276 0.219008 -0 0.536931 0.717259
-1.59124 0.167246 -0 0.525749 0.670567
-1.38276 0.219008 -0 0.536931 0.717259
-1.5803 0.250295 -0 0.540941 0.672252
-1.59124 0.167246 -0 0.525749 0.670567
-1.59124 0.167246 -0 0.525749 0.670567
-1.5803 0.250295 -0 0.540941 0.672252
-1.79014 0.188151 -0 0.52622 0.632658
-1.5803 0.250295 -0 0.540941 0.672252
-1.77784 0.281582 -0 0.543145 0.634506
-1.79014 0.188151 -0 0.52622 0.632658
-1.79014 0.188151 -0 0.52622 0.632658
-1.77784 0.281582 -0 0.543145 0.634506
-1.98904 0.209057 -0 0.528101 0.59838
-1.77784 0.281582 -0 0.543145 0.634506
-1.97538 0.312869 -0 0.545155 0.600422
-1.98904 0.209057 -0 0.528101 0.59838
-1.98904 0.209057 -0 0.528101 0.59838
-1.97538 0.312869 -0 0.545155 0.600422
-2.18795 0.229963 -0 0.529858 0.570923
-1.97538 0.312869 -0 0.545155 0.600422
-2.17291 0.344156 -0 0.546977 0.573116
-2.18795 0.229963 -0 0.529858 0.570923
-2.18795 0.229963 -0 0.529858 0.570923
-2.17291 0.344156 -0 0.546977 0.573116
-2.5899 0.272209 0.04 0.531614 0.515247
-2.17291 0.344156 -0 0.546977 0.573116
-2.5721 0.407381 0.04 0.548798 0.517745
-2.5899 0.272209 0.04 0.531614 0.515247
-2.5899 0.272209 0.04 0.531614 0.515247
-2.5721 0.407381 0.04 0.548798 0.517745
-2.7888 0.293115 0.16 0.533136 0.474648
-2.5721 0.407381 0.04 0.548798 0.517745
-2.76964 0.438668 0.16 0.551829 0.477367
-2.7888 0.293115 0.16 0.533136 0.474648
-2.7888 0.293115 0.16 0.533136 0.474648
-2.76964 0.438668 0.16 0.551829 0.477367
-2.98771 0.314021 0.36 0.535959 0.424591
-2.76964 0.438668 0.16 0.551829 0.477367
-2.96718 0.469955 0.36 0.55449 0.427568
-2.98771 0.314021 0.36 0.535959 0.424591
-2.98771 0.314021 0.36 0.535959 0.424591
-2.96718 0.469955 0.36 0.55449 0.427568
-3.18661 0.334926 0.64 0.538274 0.364248
-2.96718 0.469955 0.36 0.55449 0.427568
-3.16471 0.501242 0.64 0.556481 0.367486
-3.18661 0.334926 0.64 0.538274 0.364248
-3.18661 0.334926 0.64 0.538274 0.364248
-3.16471 0.501242 0.64 0.556481 0.367486
-3.38551 0.355832 1 0.539772 0.294612
-3.16471 0.501242 0.64 0.556481 0.367486
-3.36225 0.532528 1 0.55887 0.29817
-3.38551 0.355832 1 0.539772 0.294612
-3.38551 0.355832 1 0.539772 0.294612
-3.36225 0.532528 1 0.55887 0.29817
-3.58442 0.376738 1.44 0.54155 0.219143
-3.36225 0.532528 1 0.55887 0.29817
-3.55979 0.563815 1.44 0.562344 0.221302
-3.58442 0.376738 1.44 0.54155 0.219143
-3.58442 0.376738 1.44 0.54155 0.219143
-3.55979 0.563815 1.44 0.562344 0.221302
-3.78332 0.397643 1.96 0.543065 0.141603
-3.55979 0.563815 1.44 0.562344 0.221302
-3.75733 0.595102 1.96 0.563604 0.14429
-3.78332 0.397643 1.96 0.543065 0.141603
-0.798904 0.0418688 -0 0.500739 0.887371
-0.795618 0.0836228 -0 0.511228 0.888473
-0.99863 0.052336 -0 0.50429 0.823077
-0.795618 0.0836228 -0 0.511228 0.888473
-0.994522 0.104528 -0 0.515484 0.824436
-0.99863 0.052336 -0 0.50429 0.823077
-0.99863 0.052336 -0 0.50429 0.823077
-0.994522 0.104528 -0 0.515484 0.824436
-1.19836 0.0628031 -0 0.506431 0.764573
-0.994522 0.104528 -0 0.515484 0.824436
-1.19343 0.125434 -0 0.519601 0.766132
-1.19836 0.0628031 -0 0.506431 0.764573
-1.19836 0.0628031 -0 0.506431 0.764573
-1.19343 0.125434 -0 0.519601 0.766132
-1.39808 0.0732703 -0 0.50845 0.714014
-1.19343 0.125434 -0 0.519601 0.766132
-1.39233 0.14634 -0 0.522013 0.715795
-1.39808 0.0732703 -0 0.50845 0.714014
-1.39808 0.0732703 -0 0.50845 0.714014
-1.39233 0.14634 -0 0.522013 0.715795
-1.59781 0.0837375 -0 0.510381 0.668646
-1.39233 0.14634 -0 0.522013 0.715795
-1.59124 0.167246 -0 0.525749 0.670567
-1.59781 0.0837375 -0 0.510381 0.668646
-1.59781 0.0837375 -0 0.510381 0.668646
-1.59124 0.167246 -0 0.525749 0.670567
-1.79753 0.0942047 -0 0.51065 0.630558
-1.59124 0.167246 -0 0.525749 0.670567
-1.79014 0.188151 -0 0.52622 0.632658
-1.79753 0.0942047 -0 0.51065 0.630558
-1.79753 0.0942047 -0 0.51065 0.630558
-1.79014 0.188151 -0 0.52622 0.632658
-1.99726 0.104672 -0 0.512408 0.596147
-1.79014 0.188151 -0 0.52622 0.632658
-1.98904 0.209057 -0 0.528101 0.59838
-1.99726 0.104672 -0 0.512408 0.596147
-1.99726 0.104672 -0 0.512408 0.596147
-1.98904 0.209057 -0 0.528101 0.59838
-2.19699 0.115139 -0 0.512517 0.568601
-1.98904 0.209057 -0 0.528101 0.59838
-2.18795 0.229963 -0 0.529858 0.570923
-2.19699 0.115139 -0 0.512517 0.568601
-2.19699 0.115139 -0 0.512517 0.568601
-2.18795 0.229963 -0 0.529858 0.570923
-2.60059 0.136291 0.04 0.514208 0.512718
-2.18795 0.229963 -0 0.529858 0.570923
-2.5899 0.272209 0.04 0.531614 0.515247
-2.60059 0.136291 0.04 0.514208 0.512718
-2.60059 0.136291 0.04 0.514208 0.512718
-2.5899 0.272209 0.04 0.531614 0.515247
-2.80032 0.146759 0.16 0.515769 0.474527
-2.5899 0.272209 0.04 0.531614 0.515247
-2.7888 0.293115 0.16 0.533136 0.474648
-2.80032 0.146759 0.16 0.515769 0.474527
-2.80032 0.146759 0.16 0.515769 0.474527
-2.7888 0.293115 0.16 0.533136 0.474648
-3.00005 0.157226 0.36 0.517162 0.421765
-2.7888 0.293115 0.16 0.533136 0.474648
-2.98771 0.314021 0.36 0.535959 0.424591
-3.00005 0.157226 0.36 0.517162 0.421765
-3.00005 0.157226 0.36 0.517162 0.421765
-2.98771 0.314021 0.36 0.535959 0.424591
-3.19977 0.167693 0.64 0.518265 0.361236
-2.98771 0.314021 0.36 0.535959 0.424591
-3.18661 0.334926 0.64 0.538274 0.364248
-3.19977 0.167693 0.64 0.518265 0.361236
-3.19977 0.167693 0.64 0.518265 0.361236
-3.18661 0.334926 0.64 0.538274 0.364248
-3.3995 0.17816 1 0.520431 0.293642
-3.18661 0.334926 0.64 0.538274 0.364248
-3.38551 0.355832 1 0.539772 0.294612
-3.3995 0.17816 1 0.520431 0.293642
-3.3995 0.17816 1 0.520431 0.293642
-3.38551 0.355832 1 0.539772 0.294612
-3.59922 0.188627 1.44 0.521786 0.217774
-3.38551 0.355832 1 0.539772 0.294612
-3.58442 0.376738 1.44 0.54155 0.219143
-3.59922 0.188627 1.44 0.521786 0.217774
-3.59922 0.188627 1.44 0.521786 0.217774
-3.58442 0.376738 1.44 0.54155 0.219143
-3.79895 0.199095 1.96 0.522143 0.139776
-3.58442 0.376738 1.44 0.54155 0.219143
-3.78332 0.397643 1.96 0.543065 0.141603
-3.79895 0.199095 1.96 0.522143 0.139776
-0.8 4.89859e-017 -0 0.490193 0.88749
-0.798904 0.0418688 -0 0.500739 0.887371
-1 6.12323e-017 -0 0.491617 0.823254
-0.798904 0.0418688 -0 0.500739 0.887371
-0.99863 0.052336 -0 0.50429 0.823077
-1 6.12323e-017 -0 0.491617 0.823254
-1 6.12323e-017 -0 0.491617 0.823254
-0.99863 0.052336 -0 0.50429 0.823077
-1.2 7.34788e-017 -0 0.493171 0.764763
-0.99863 0.052336 -0 0.50429 0.823077
-1.19836 0.0628031 -0 0.506431 0.764573
-1.2 7.34788e-017 -0 0.493171 0.764763
-1.2 7.34788e-017 -0 0.493171 0.764763
-1.19836 0.0628031 -0 0.506431 0.764573
-1.4 8.57253e-017 -0 0.493277 0.712007
-1.19836 0.0628031 -0 0.506431 0.764573
-1.39808 0.0732703 -0 0.50845 0.714014
-1.4 8.57253e-017 -0 0.493277 0.712007
-1.4 8.57253e-017 -0 0.493277 0.712007
-1.39808 0.0732703 -0 0.50845 0.714014
-1.6 9.79717e-017 -0 0.494897 0.668828
-1.39808 0.0732703 -0 0.50845 0.714014
-1.59781 0.0837375 -0 0.510381 0.668646
-1.6 9.79717e-017 -0 0.494897 0.668828
-1.6 9.79717e-017 -0 0.494897 0.668828
-1.59781 0.0837375 -0 0.510381 0.668646
-1.8 1.10218e-016 -0 0.494966 0.630702
-1.59781 0.0837375 -0 0.510381 0.668646
-1.79753 0.0942047 -0 0.51065 0.630558
-1.8 1.10218e-016 -0 0.494966 0.630702
-1.8 1.10218e-016 -0 0.494966 0.630702
-1.79753 0.0942047 -0 0.51065 0.630558
-2 1.22465e-016 -0 0.495013 0.59627
-1.79753 0.0942047 -0 0.51065 0.630558
-1.99726 0.104672 -0 0.512408 0.596147
-2 1.22465e-016 -0 0.495013 0.59627
-2 1.22465e-016 -0 0.495013 0.59627
-1.99726 0.104672 -0 0.512408 0.596147
-2.2 1.34711e-016 -0 0.496636 0.566158
-1.99726 0.104672 -0 0.512408 0.596147
-2.19699 0.115139 -0 0.512517 0.568601
-2.2 1.34711e-016 -0 0.496636 0.566158
-2.2 1.34711e-016 -0 0.496636 0.566158
-2.19699 0.115139 -0 0.512517 0.568601
-2.60416 1.59459e-016 0.04 0.496672 0.512726
-2.19699 0.115139 -0 0.512517 0.568601
-2.60059 0.136291 0.04 0.514208 0.512718
-2.60416 1.59459e-016 0.04 0.496672 0.512726
-2.60416 1.59459e-016 0.04 0.496672 0.512726
-2.60059 0.136291 0.04 0.514208 0.512718
-2.80416 1.71705e-016 0.16 0.49667 0.471926
-2.60059 0.136291 0.04 0.514208 0.512718
-2.80032 0.146759 0.16 0.515769 0.474527
-2.80416 1.71705e-016 0.16 0.49667 0.471926
-2.80416 1.71705e-016 0.16 0.49667 0.471926
-2.80032 0.146759 0.16 0.515769 0.474527
-3.00416 1.83952e-016 0.36 0.498217 0.421597
-2.80032 0.146759 0.16 0.515769 0.474527
-3.00005 0.157226 0.36 0.517162 0.421765
-3.00416 1.83952e-016 0.36 0.498217 0.421597
-3.00416 1.83952e-016 0.36 0.498217 0.421597
-3.00005 0.157226 0.36 0.517162 0.421765
-3.20416 1.96198e-016 0.64 0.499652 0.360936
-3.00005 0.157226 0.36 0.517162 0.421765
-3.19977 0.167693 0.64 0.518265 0.361236
-3.20416 1.96198e-016 0.64 0.499652 0.360936
-3.20416 1.96198e-016 0.64 0.499652 0.360936
-3.19977 0.167693 0.64 0.518265 0.361236
-3.40416 2.08445e-016 1 0.499384 0.293126
-3.19977 0.167693 0.64 0.518265 0.361236
-3.3995 0.17816 1 0.520431 0.293642
-3.40416 2.08445e-016 1 0.499384 0.293126
-3.40416 2.08445e-016 1 0.499384 0.293126
-3.3995 0.17816 1 0.520431 0.293642
-3.60416 2.20691e-016 1.44 0.500378 0.217034
-3.3995 0.17816 1 0.520431 0.293642
-3.59922 0.188627 1.44 0.521786 0.217774
-3.60416 2.20691e-016 1.44 0.500378 0.217034
-3.60416 2.20691e-016 1.44 0.500378 0.217034
-3.59922 0.188627 1.44 0.521786 0.217774
-3.80416 2.32938e-016 1.96 0.500986 0.138853
-3.59922 0.188627 1.44 0.521786 0.217774
-3.79895 0.199095 1.96 0.522143 0.139776
-3.80416 2.32938e-016 1.96 0.500986 0.138853
-0.798904 -0.0418688 -0 0.479648 0.887376
-0.8 4.89859e-017 -0 0.490193 0.88749
-0.99863 -0.052336 -0 0.478923 0.821381
-0.8 4.89859e-017 -0 0.490193 0.88749
-1 6.12323e-017 -0 0.491617 0.823254
-0.99863 -0.052336 -0 0.478923 0.821381
-0.99863 -0.052336 -0 0.478923 0.821381
-1 6.12323e-017 -0 0.491617 0.823254
-1.19836 -0.0628031 -0 0.479903 0.764694
-1 6.12323e-017 -0 0.491617 0.823254
-1.2 7.34788e-017 -0 0.493171 0.764763
-1.19836 -0.0628031 -0 0.479903 0.764694
-1.19836 -0.0628031 -0 0.479903 0.764694
-1.2 7.34788e-017 -0 0.493171 0.764763
-1.39808 -0.0732703 -0 0.479589 0.711949
-1.2 7.34788e-017 -0 0.493171 0.764763
-1.4 8.57253e-017 -0 0.493277 0.712007
-1.39808 -0.0732703 -0 0.479589 0.711949
-1.39808 -0.0732703 -0 0.479589 0.711949
-1.4 8.57253e-017 -0 0.493277 0.712007
-1.59781 -0.0837375 -0 0.479392 0.668787
-1.4 8.57253e-017 -0 0.493277 0.712007
-1.6 9.79717e-017 -0 0.494897 0.668828
-1.59781 -0.0837375 -0 0.479392 0.668787
-1.59781 -0.0837375 -0 0.479392 0.668787
-1.6 9.79717e-017 -0 0.494897 0.668828
-1.79753 -0.0942047 -0 0.479254 0.628242
-1.6 9.79717e-017 -0 0.494897 0.668828
-1.8 1.10218e-016 -0 0.494966 0.630702
-1.79753 -0.0942047 -0 0.479254 0.628242
-1.79753 -0.0942047 -0 0.479254 0.628242
-1.8 1.10218e-016 -0 0.494966 0.630702
-1.99726 -0.104672 -0 0.479176 0.596248
-1.8 1.10218e-016 -0 0.494966 0.630702
-2 1.22465e-016 -0 0.495013 0.59627
-1.99726 -0.104672 -0 0.479176 0.596248
-1.99726 -0.104672 -0 0.479176 0.596248
-2 1.22465e-016 -0 0.495013 0.59627
-2.19699 -0.115139 -0 0.479128 0.566148
-2 1.22465e-016 -0 0.495013 0.59627
-2.2 1.34711e-016 -0 0.496636 0.566158
-2.19699 -0.115139 -0 0.479128 0.566148
-2.19699 -0.115139 -0 0.479128 0.566148
-2.2 1.34711e-016 -0 0.496636 0.566158
-2.60059 -0.136291 0.04 0.4791 0.512729
-2.2 1.34711e-016 -0 0.496636 0.566158
-2.60416 1.59459e-016 0.04 0.496672 0.512726
-2.60059 -0.136291 0.04 0.4791 0.512729
-2.60059 -0.136291 0.04 0.4791 0.512729
-2.60416 1.59459e-016 0.04 0.496672 0.512726
-2.80032 -0.146759 0.16 0.479128 0.471939
-2.60416 1.59459e-016 0.04 0.496672 0.512726
-2.80416 1.71705e-016 0.16 0.49667 0.471926
-2.80032 -0.146759 0.16 0.479128 0.471939
-2.80032 -0.146759 0.16 0.479128 0.471939
-2.80416 1.71705e-016 0.16 0.49667 0.471926
-3.00005 -0.157226 0.36 0.479222 0.421617
-2.80416 1.71705e-016 0.16 0.49667 0.471926
-3.00416 1.83952e-016 0.36 0.498217 0.421597
-3.00005 -0.157226 0.36 0.479222 0.421617
-3.00005 -0.157226 0.36 0.479222 0.421617
-3.00416 1.83952e-016 0.36 0.498217 0.421597
-3.19977 -0.167693 0.64 0.479426 0.360954
-3.00416 1.83952e-016 0.36 0.498217 0.421597
-3.20416 1.96198e-016 0.64 0.499652 0.360936
-3.19977 -0.167693 0.64 0.479426 0.360954
-3.19977 -0.167693 0.64 0.479426 0.360954
-3.20416 1.96198e-016 0.64 0.499652 0.360936
-3.3995 -0.17816 1 0.479786 0.291
-3.20416 1.96198e-016 0.64 0.499652 0.360936
-3.40416 2.08445e-016 1 0.499384 0.293126
-3.3995 -0.17816 1 0.479786 0.291
-3.3995 -0.17816 1 0.479786 0.291
-3.40416 2.08445e-016 1 0.499384 0.293126
-3.59922 -0.188627 1.44 0.480322 0.217039
-3.40416 2.08445e-016 1 0.499384 0.293126
-3.60416 2.20691e-016 1.44 0.500378 0.217034
-3.59922 -0.188627 1.44 0.480322 0.217039
-3.59922 -0.188627 1.44 0.480322 0.217039
-3.60416 2.20691e-016 1.44 0.500378 0.217034
-3.79895 -0.199095 1.96 0.481076 0.13883
-3.60416 2.20691e-016 1.44 0.500378 0.217034
-3.80416 2.32938e-016 1.96 0.500986 0.138853
-3.79895 -0.199095 1.96 0.481076 0.13883
-0.795618 -0.0836228 -0 0.469122 0.88703
-0.798904 -0.0418688 -0 0.479648 0.887376
-0.994522 -0.104528 -0 0.467697 0.82281
-0.798904 -0.0418688 -0 0.479648 0.887376
-0.99863 -0.052336 -0 0.478923 0.821381
-0.994522 -0.104528 -0 0.467697 0.82281
-0.994522 -0.104528 -0 0.467697 0.82281
-0.99863 -0.052336 -0 0.478923 0.821381
-1.19343 -0.125434 -0 0.465198 0.764315
-0.99863 -0.052336 -0 0.478923 0.821381
-1.19836 -0.0628031 -0 0.479903 0.764694
-1.19343 -0.125434 -0 0.465198 0.764315
-1.19343 -0.125434 -0 0.465198 0.764315
-1.19836 -0.0628031 -0 0.479903 0.764694
-1.39233 -0.14634 -0 0.464452 0.713826
-1.19836 -0.0628031 -0 0.479903 0.764694
-1.39808 -0.0732703 -0 0.479589 0.711949
-1.39233 -0.14634 -0 0.464452 0.713826
-1.39233 -0.14634 -0 0.464452 0.713826
-1.39808 -0.0732703 -0 0.479589 0.711949
-1.59124 -0.167246 -0 0.463934 0.668523
-1.39808 -0.0732703 -0 0.479589 0.711949
-1.59781 -0.0837375 -0 0.479392 0.668787
-1.59124 -0.167246 -0 0.463934 0.668523
-1.59124 -0.167246 -0 0.463934 0.668523
-1.59781 -0.0837375 -0 0.479392 0.668787
-1.79014 -0.188151 -0 0.463604 0.630465
-1.59781 -0.0837375 -0 0.479392 0.668787
-1.79753 -0.0942047 -0 0.479254 0.628242
-1.79014 -0.188151 -0 0.463604 0.630465
-1.79014 -0.188151 -0 0.463604 0.630465
-1.79753 -0.0942047 -0 0.479254 0.628242
-1.98904 -0.209057 -0 0.463388 0.596099
-1.79753 -0.0942047 -0 0.479254 0.628242
-1.99726 -0.104672 -0 0.479176 0.596248
-1.98904 -0.209057 -0 0.463388 0.596099
-1.98904 -0.209057 -0 0.463388 0.596099
-1.99726 -0.104672 -0 0.479176 0.596248
-2.18795 -0.229963 -0 0.46168 0.566038
-1.99726 -0.104672 -0 0.479176 0.596248
-2.19699 -0.115139 -0 0.479128 0.566148
-2.18795 -0.229963 -0 0.46168 0.566038
-2.18795 -0.229963 -0 0.46168 0.566038
-2.19699 -0.115139 -0 0.479128 0.566148
-2.5899 -0.272209 0.04 0.461589 0.512728
-2.19699 -0.115139 -0 0.479128 0.566148
-2.60059 -0.136291 0.04 0.4791 0.512729
-2.5899 -0.272209 0.04 0.461589 0.512728
-2.5899 -0.272209 0.04 0.461589 0.512728
-2.60059 -0.136291 0.04 0.4791 0.512729
-2.7888 -0.293115 0.16 0.461646 0.472021
-2.60059 -0.136291 0.04 0.4791 0.512729
-2.80032 -0.146759 0.16 0.479128 0.471939
-2.7888 -0.293115 0.16 0.461646 0.472021
-2.7888 -0.293115 0.16 0.461646 0.472021
-2.80032 -0.146759 0.16 0.479128 0.471939
-2.98771 -0.314021 0.36 0.460298 0.421825
-2.80032 -0.146759 0.16 0.479128 0.471939
-3.00005 -0.157226 0.36 0.479222 0.421617
-2.98771 -0.314021 0.36 0.460298 0.421825
-2.98771 -0.314021 0.36 0.460298 0.421825
-3.00005 -0.157226 0.36 0.479222 0.421617
-3.18661 -0.334926 0.64 0.460822 0.361288
-3.00005 -0.157226 0.36 0.479222 0.421617
-3.19977 -0.167693 0.64 0.479426 0.360954
-3.18661 -0.334926 0.64 0.460822 0.361288
-3.18661 -0.334926 0.64 0.460822 0.361288
-3.19977 -0.167693 0.64 0.479426 0.360954
-3.38551 -0.355832 1 0.460269 0.29151
-3.19977 -0.167693 0.64 0.479426 0.360954
-3.3995 -0.17816 1 0.479786 0.291
-3.38551 -0.355832 1 0.460269 0.29151
-3.38551 -0.355832 1 0.460269 0.29151
-3.3995 -0.17816 1 0.479786 0.291
-3.58442 -0.376738 1.44 0.460379 0.215871
-3.3995 -0.17816 1 0.479786 0.291
-3.59922 -0.188627 1.44 0.480322 0.217039
-3.58442 -0.376738 1.44 0.460379 0.215871
-3.58442 -0.376738 1.44 0.460379 0.215871
-3.59922 -0.188627 1.44 0.480322 0.217039
-3.78332 -0.397643 1.96 0.459909 0.139705
-3.59922 -0.188627 1.44 0.480322 0.217039
-3.79895 -0.199095 1.96 0.481076 0.13883
-3.78332 -0.397643 1.96 0.459909 0.139705
-0.790151 -0.125148 -0 0.458688 0.887907
-0.795618 -0.0836228 -0 0.469122 0.88703
-0.987688 -0.156434 -0 0.455162 0.823922
-0.795618 -0.0836228 -0 0.469122 0.88703
-0.994522 -0.104528 -0 0.467697 0.82281
-0.987688 -0.156434 -0 0.455162 0.823922
-0.987688 -0.156434 -0 0.455162 0.823922
-0.994522 -0.104528 -0 0.467697 0.82281
-1.18523 -0.187721 -0 0.452094 0.765709
-0.994522 -0.104528 -0 0.467697 0.82281
-1.19343 -0.125434 -0 0.465198 0.764315
-1.18523 -0.187721 -0 0.452094 0.765709
-1.18523 -0.187721 -0 0.452094 0.765709
-1.19343 -0.125434 -0 0.465198 0.764315
-1.38276 -0.219008 -0 0.449407 0.713231
-1.19343 -0.125434 -0 0.465198 0.764315
-1.39233 -0.14634 -0 0.464452 0.713826
-1.38276 -0.219008 -0 0.449407 0.713231
-1.38276 -0.219008 -0 0.449407 0.713231
-1.39233 -0.14634 -0 0.464452 0.713826
-1.5803 -0.250295 -0 0.448623 0.670362
-1.39233 -0.14634 -0 0.464452 0.713826
-1.59124 -0.167246 -0 0.463934 0.668523
-1.5803 -0.250295 -0 0.448623 0.670362
-1.5803 -0.250295 -0 0.448623 0.670362
-1.59124 -0.167246 -0 0.463934 0.668523
-1.77784 -0.281582 -0 0.446517 0.63004
-1.59124 -0.167246 -0 0.463934 0.668523
-1.79014 -0.188151 -0 0.463604 0.630465
-1.77784 -0.281582 -0 0.446517 0.63004
-1.77784 -0.281582 -0 0.446517 0.63004
-1.79014 -0.188151 -0 0.463604 0.630465
-1.97538 -0.312869 -0 0.446181 0.598265
-1.79014 -0.188151 -0 0.463604 0.630465
-1.98904 -0.209057 -0 0.463388 0.596099
-1.97538 -0.312869 -0 0.446181 0.598265
-1.97538 -0.312869 -0 0.446181 0.598265
-1.98904 -0.209057 -0 0.463388 0.596099
-2.17291 -0.344156 -0 0.445962 0.568362
-1.98904 -0.209057 -0 0.463388 0.596099
-2.18795 -0.229963 -0 0.46168 0.566038
-2.17291 -0.344156 -0 0.445962 0.568362
-2.17291 -0.344156 -0 0.445962 0.568362
-2.18795 -0.229963 -0 0.46168 0.566038
-2.5721 -0.407381 0.04 0.444233 0.512722
-2.18795 -0.229963 -0 0.46168 0.566038
-2.5899 -0.272209 0.04 0.461589 0.512728
-2.5721 -0.407381 0.04 0.444233 0.512722
-2.5721 -0.407381 0.04 0.444233 0.512722
-2.5899 -0.272209 0.04 0.461589 0.512728
-2.76964 -0.438668 0.16 0.442754 0.472189
-2.5899 -0.272209 0.04 0.461589 0.512728
-2.7888 -0.293115 0.16 0.461646 0.472021
-2.76964 -0.438668 0.16 0.442754 0.472189
-2.76964 -0.438668 0.16 0.442754 0.472189
-2.7888 -0.293115 0.16 0.461646 0.472021
-2.96718 -0.469955 0.36 0.441563 0.422217
-2.7888 -0.293115 0.16 0.461646 0.472021
-2.98771 -0.314021 0.36 0.460298 0.421825
-2.96718 -0.469955 0.36 0.441563 0.422217
-2.96718 -0.469955 0.36 0.441563 0.422217
-2.98771 -0.314021 0.36 0.460298 0.421825
-3.16471 -0.501242 0.64 0.440873 0.361986
-2.98771 -0.314021 0.36 0.460298 0.421825
-3.18661 -0.334926 0.64 0.460822 0.361288
-3.16471 -0.501242 0.64 0.440873 0.361986
-3.16471 -0.501242 0.64 0.440873 0.361986
-3.18661 -0.334926 0.64 0.460822 0.361288
-3.36225 -0.532528 1 0.439476 0.292592
-3.18661 -0.334926 0.64 0.460822 0.361288
-3.38551 -0.355832 1 0.460269 0.29151
-3.36225 -0.532528 1 0.439476 0.292592
-3.36225 -0.532528 1 0.439476 0.292592
-3.38551 -0.355832 1 0.460269 0.29151
-3.55979 -0.563815 1.44 0.439225 0.217327
-3.38551 -0.355832 1 0.460269 0.29151
-3.58442 -0.376738 1.44 0.460379 0.215871
-3.55979 -0.563815 1.44 0.439225 0.217327
-3.55979 -0.563815 1.44 0.439225 0.217327
-3.58442 -0.376738 1.44 0.460379 0.215871
-3.75733 -0.595102 1.96 0.440352 0.139868
-3.58442 -0.376738 1.44 0.460379 0.215871
-3.78332 -0.397643 1.96 0.459909 0.139705
-3.75733 -0.595102 1.96 0.440352 0.139868
-0.782518 -0.166329 -0 0.448419 0.889989
-0.790151 -0.125148 -0 0.458688 0.887907
-0.978148 -0.207912 -0 0.442759 0.824746
-0.790151 -0.125148 -0 0.458688 0.887907
-0.987688 -0.156434 -0 0.455162 0.823922
-0.978148 -0.207912 -0 0.442759 0.824746
-0.978148 -0.207912 -0 0.442759 0.824746
-0.987688 -0.156434 -0 0.455162 0.823922
-1.17378 -0.249494 -0 0.439138 0.766838
-0.987688 -0.156434 -0 0.455162 0.823922
-1.18523 -0.187721 -0 0.452094 0.765709
-1.17378 -0.249494 -0 0.439138 0.766838
-1.17378 -0.249494 -0 0.439138 0.766838
-1.18523 -0.187721 -0 0.452094 0.765709
-1.36941 -0.291076 -0 0.436123 0.716826
-1.18523 -0.187721 -0 0.452094 0.765709
-1.38276 -0.219008 -0 0.449407 0.713231
-1.36941 -0.291076 -0 0.436123 0.716826
-1.36941 -0.291076 -0 0.436123 0.716826
-1.38276 -0.219008 -0 0.449407 0.713231
-1.56504 -0.332659 -0 0.43351 0.671964
-1.38276 -0.219008 -0 0.449407 0.713231
-1.5803 -0.250295 -0 0.448623 0.670362
-1.56504 -0.332659 -0 0.43351 0.671964
-1.56504 -0.332659 -0 0.43351 0.671964
-1.5803 -0.250295 -0 0.448623 0.670362
-1.76067 -0.374241 -0 0.431216 0.631882
-1.5803 -0.250295 -0 0.448623 0.670362
-1.77784 -0.281582 -0 0.446517 0.63004
-1.76067 -0.374241 -0 0.431216 0.631882
-1.76067 -0.374241 -0 0.431216 0.631882
-1.77784 -0.281582 -0 0.446517 0.63004
-1.9563 -0.415823 -0 0.429223 0.600255
-1.77784 -0.281582 -0 0.446517 0.63004
-1.97538 -0.312869 -0 0.446181 0.598265
-1.9563 -0.415823 -0 0.429223 0.600255
-1.9563 -0.415823 -0 0.429223 0.600255
-1.97538 -0.312869 -0 0.446181 0.598265
-2.15192 -0.457406 -0 0.42891 0.570547
-1.97538 -0.312869 -0 0.446181 0.598265
-2.17291 -0.344156 -0 0.445962 0.568362
-2.15192 -0.457406 -0 0.42891 0.570547
-2.15192 -0.457406 -0 0.42891 0.570547
-2.17291 -0.344156 -0 0.445962 0.568362
-2.54726 -0.541436 0.04 0.427123 0.515236
-2.17291 -0.344156 -0 0.445962 0.568362
-2.5721 -0.407381 0.04 0.444233 0.512722
-2.54726 -0.541436 0.04 0.427123 0.515236
-2.54726 -0.541436 0.04 0.427123 0.515236
-2.5721 -0.407381 0.04 0.444233 0.512722
-2.74289 -0.583018 0.16 0.425682 0.474922
-2.5721 -0.407381 0.04 0.444233 0.512722
-2.76964 -0.438668 0.16 0.442754 0.472189
-2.74289 -0.583018 0.16 0.425682 0.474922
-2.74289 -0.583018 0.16 0.425682 0.474922
-2.76964 -0.438668 0.16 0.442754 0.472189
-2.93851 -0.624601 0.36 0.423095 0.425239
-2.76964 -0.438668 0.16 0.442754 0.472189
-2.96718 -0.469955 0.36 0.441563 0.422217
-2.93851 -0.624601 0.36 0.423095 0.425239
-2.93851 -0.624601 0.36 0.423095 0.425239
-2.96718 -0.469955 0.36 0.441563 0.422217
-3.13414 -0.666183 0.64 0.421268 0.363017
-2.96718 -0.469955 0.36 0.441563 0.422217
-3.16471 -0.501242 0.64 0.440873 0.361986
-3.13414 -0.666183 0.64 0.421268 0.363017
-3.13414 -0.666183 0.64 0.421268 0.363017
-3.16471 -0.501242 0.64 0.440873 0.361986
-3.32977 -0.707765 1 0.420506 0.294067
-3.16471 -0.501242 0.64 0.440873 0.361986
-3.36225 -0.532528 1 0.439476 0.292592
-3.32977 -0.707765 1 0.420506 0.294067
-3.32977 -0.707765 1 0.420506 0.294067
-3.36225 -0.532528 1 0.439476 0.292592
-3.5254 -0.749348 1.44 0.419828 0.219335
-3.36225 -0.532528 1 0.439476 0.292592
-3.55979 -0.563815 1.44 0.439225 0.217327
-3.5254 -0.749348 1.44 0.419828 0.219335
-3.5254 -0.749348 1.44 0.419828 0.219335
-3.55979 -0.563815 1.44 0.439225 0.217327
-3.72103 -0.79093 1.96 0.419907 0.140986
-3.55979 -0.563815 1.44 0.439225 0.217327
-3.75733 -0.595102 1.96 0.440352 0.139868
-3.72103 -0.79093 1.96 0.419907 0.140986
-0.772741 -0.207055 -0 0.438294 0.891824
-0.782518 -0.166329 -0 0.448419 0.889989
-0.965926 -0.258819 -0 0.430611 0.827018
-0.782518 -0.166329 -0 0.448419 0.889989
-0.978148 -0.207912 -0 0.442759 0.824746
-0.965926 -0.258819 -0 0.430611 0.827018
-0.965926 -0.258819 -0 0.430611 0.827018
-0.978148 -0.207912 -0 0.442759 0.824746
-1.15911 -0.310583 -0 0.425036 0.76954
-0.978148 -0.207912 -0 0.442759 0.824746
-1.17378 -0.249494 -0 0.439138 0.766838
-1.15911 -0.310583 -0 0.425036 0.76954
-1.15911 -0.310583 -0 0.425036 0.76954
-1.17378 -0.249494 -0 0.439138 0.766838
-1.3523 -0.362347 -0 0.421538 0.717884
-1.17378 -0.249494 -0 0.439138 0.766838
-1.36941 -0.291076 -0 0.436123 0.716826
-1.3523 -0.362347 -0 0.421538 0.717884
-1.3523 -0.362347 -0 0.421538 0.717884
-1.36941 -0.291076 -0 0.436123 0.716826
-1.54548 -0.41411 -0 0.418654 0.673332
-1.36941 -0.291076 -0 0.436123 0.716826
-1.56504 -0.332659 -0 0.43351 0.671964
-1.54548 -0.41411 -0 0.418654 0.673332
-1.54548 -0.41411 -0 0.418654 0.673332
-1.56504 -0.332659 -0 0.43351 0.671964
-1.73867 -0.465874 -0 0.416233 0.635912
-1.56504 -0.332659 -0 0.43351 0.671964
-1.76067 -0.374241 -0 0.431216 0.631882
-1.73867 -0.465874 -0 0.416233 0.635912
-1.73867 -0.465874 -0 0.416233 0.635912
-1.76067 -0.374241 -0 0.431216 0.631882
-1.93185 -0.517638 -0 0.414093 0.602132
-1.76067 -0.374241 -0 0.431216 0.631882
-1.9563 -0.415823 -0 0.429223 0.600255
-1.93185 -0.517638 -0 0.414093 0.602132
-1.93185 -0.517638 -0 0.414093 0.602132
-1.9563 -0.415823 -0 0.429223 0.600255
-2.12504 -0.569402 -0 0.412187 0.5726
-1.9563 -0.415823 -0 0.429223 0.600255
-2.15192 -0.457406 -0 0.42891 0.570547
-2.12504 -0.569402 -0 0.412187 0.5726
-2.12504 -0.569402 -0 0.412187 0.5726
-2.15192 -0.457406 -0 0.42891 0.570547
-2.51543 -0.674007 0.04 0.408836 0.517703
-2.15192 -0.457406 -0 0.42891 0.570547
-2.54726 -0.541436 0.04 0.427123 0.515236
-2.51543 -0.674007 0.04 0.408836 0.517703
-2.51543 -0.674007 0.04 0.408836 0.517703
-2.54726 -0.541436 0.04 0.427123 0.515236
-2.70861 -0.725771 0.16 0.407437 0.477705
-2.54726 -0.541436 0.04 0.427123 0.515236
-2.74289 -0.583018 0.16 0.425682 0.474922
-2.70861 -0.725771 0.16 0.407437 0.477705
-2.70861 -0.725771 0.16 0.407437 0.477705
-2.74289 -0.583018 0.16 0.425682 0.474922
-2.9018 -0.777535 0.36 0.405056 0.425952
-2.74289 -0.583018 0.16 0.425682 0.474922
-2.93851 -0.624601 0.36 0.423095 0.425239
-2.9018 -0.777535 0.36 0.405056 0.425952
-2.9018 -0.777535 0.36 0.405056 0.425952
-2.93851 -0.624601 0.36 0.423095 0.425239
-3.09498 -0.829298 0.64 0.402058 0.366674
-2.93851 -0.624601 0.36 0.423095 0.425239
-3.13414 -0.666183 0.64 0.421268 0.363017
-3.09498 -0.829298 0.64 0.402058 0.366674
-3.09498 -0.829298 0.64 0.402058 0.366674
-3.13414 -0.666183 0.64 0.421268 0.363017
-3.28817 -0.881062 1 0.400567 0.296126
-3.13414 -0.666183 0.64 0.421268 0.363017
-3.32977 -0.707765 1 0.420506 0.294067
-3.28817 -0.881062 1 0.400567 0.296126
-3.28817 -0.881062 1 0.400567 0.296126
-3.32977 -0.707765 1 0.420506 0.294067
-3.48135 -0.932826 1.44 0.399551 0.222131
-3.32977 -0.707765 1 0.420506 0.294067
-3.5254 -0.749348 1.44 0.419828 0.219335
-3.48135 -0.932826 1.44 0.399551 0.222131
-3.48135 -0.932826 1.44 0.399551 0.222131
-3.5254 -0.749348 1.44 0.419828 0.219335
-3.67454 -0.98459 1.96 0.398784 0.143155
-3.5254 -0.749348 1.44 0.419828 0.219335
-3.72103 -0.79093 1.96 0.419907 0.140986
-3.67454 -0.98459 1.96 0.398784 0.143155
-0.760845 -0.247214 -0 0.428327 0.893416
-0.772741 -0.207055 -0 0.438294 0.891824
-0.951057 -0.309017 -0 0.418689 0.828989
-0.772741 -0.207055 -0 0.438294 0.891824
-0.965926 -0.258819 -0 0.430611 0.827018
-0.951057 -0.309017 -0 0.418689 0.828989
-0.951057 -0.309017 -0 0.418689 0.828989
-0.965926 -0.258819 -0 0.430611 0.827018
-1.14127 -0.37082 -0 0.412623 0.772068
-0.965926 -0.258819 -0 0.430611 0.827018
-1.15911 -0.310583 -0 0.425036 0.76954
-1.14127 -0.37082 -0 0.412623 0.772068
-1.14127 -0.37082 -0 0.412623 0.772068
-1.15911 -0.310583 -0 0.425036 0.76954
-1.33148 -0.432624 -0 0.407335 0.720804
-1.15911 -0.310583 -0 0.425036 0.76954
-1.3523 -0.362347 -0 0.421538 0.717884
-1.33148 -0.432624 -0 0.407335 0.720804
-1.33148 -0.432624 -0 0.407335 0.720804
-1.3523 -0.362347 -0 0.421538 0.717884
-1.52169 -0.494427 -0 0.402738 0.676607
-1.3523 -0.362347 -0 0.421538 0.717884
-1.54548 -0.41411 -0 0.418654 0.673332
-1.52169 -0.494427 -0 0.402738 0.676607
-1.52169 -0.494427 -0 0.402738 0.676607
-1.54548 -0.41411 -0 0.418654 0.673332
-1.7119 -0.556231 -0 0.400134 0.639605
-1.54548 -0.41411 -0 0.418654 0.673332
-1.73867 -0.465874 -0 0.416233 0.635912
-1.7119 -0.556231 -0 0.400134 0.639605
-1.7119 -0.556231 -0 0.400134 0.639605
-1.73867 -0.465874 -0 0.416233 0.635912
-1.90211 -0.618034 -0 0.397874 0.60619
-1.73867 -0.465874 -0 0.416233 0.635912
-1.93185 -0.517638 -0 0.414093 0.602132
-1.90211 -0.618034 -0 0.397874 0.60619
-1.90211 -0.618034 -0 0.397874 0.60619
-1.93185 -0.517638 -0 0.414093 0.602132
-2.09232 -0.679837 -0 0.3959 0.576966
-1.93185 -0.517638 -0 0.414093 0.602132
-2.12504 -0.569402 -0 0.412187 0.5726
-2.09232 -0.679837 -0 0.3959 0.576966
-2.09232 -0.679837 -0 0.3959 0.576966
-2.12504 -0.569402 -0 0.412187 0.5726
-2.47671 -0.804731 0.04 0.3925 0.52012
-2.12504 -0.569402 -0 0.412187 0.5726
-2.51543 -0.674007 0.04 0.408836 0.517703
-2.47671 -0.804731 0.04 0.3925 0.52012
-2.47671 -0.804731 0.04 0.3925 0.52012
-2.51543 -0.674007 0.04 0.408836 0.517703
-2.66692 -0.866534 0.16 0.389678 0.480504
-2.51543 -0.674007 0.04 0.408836 0.517703
-2.70861 -0.725771 0.16 0.407437 0.477705
-2.66692 -0.866534 0.16 0.389678 0.480504
-2.66692 -0.866534 0.16 0.389678 0.480504
-2.70861 -0.725771 0.16 0.407437 0.477705
-2.85713 -0.928337 0.36 0.386025 0.429302
-2.70861 -0.725771 0.16 0.407437 0.477705
-2.9018 -0.777535 0.36 0.405056 0.425952
-2.85713 -0.928337 0.36 0.386025 0.429302
-2.85713 -0.928337 0.36 0.386025 0.429302
-2.9018 -0.777535 0.36 0.405056 0.425952
-3.04734 -0.990141 0.64 0.383395 0.370572
-2.9018 -0.777535 0.36 0.405056 0.425952
-3.09498 -0.829298 0.64 0.402058 0.366674
-3.04734 -0.990141 0.64 0.383395 0.370572
-3.04734 -0.990141 0.64 0.383395 0.370572
-3.09498 -0.829298 0.64 0.402058 0.366674
-3.23755 -1.05194 1 0.381132 0.300722
-3.09498 -0.829298 0.64 0.402058 0.366674
-3.28817 -0.881062 1 0.400567 0.296126
-3.23755 -1.05194 1 0.381132 0.300722
-3.23755 -1.05194 1 0.381132 0.300722
-3.28817 -0.881062 1 0.400567 0.296126
-3.42776 -1.11375 1.44 0.378786 0.22397
-3.28817 -0.881062 1 0.400567 0.296126
-3.48135 -0.932826 1.44 0.399551 0.222131
-3.42776 -1.11375 1.44 0.378786 0.22397
-3.42776 -1.11375 1.44 0.378786 0.22397
-3.48135 -0.932826 1.44 0.399551 0.222131
-3.61797 -1.17555 1.96 0.37841 0.146151
-3.48135 -0.932826 1.44 0.399551 0.222131
-3.67454 -0.98459 1.96 0.398784 0.143155
-3.61797 -1.17555 1.96 0.37841 0.146151
-0.746864 -0.286694 -0 0.41741 0.895973
-0.760845 -0.247214 -0 0.428327 0.893416
-0.93358 -0.358368 -0 0.407144 0.832354
-0.760845 -0.247214 -0 0.428327 0.893416
-0.951057 -0.309017 -0 0.418689 0.828989
-0.93358 -0.358368 -0 0.407144 0.832354
-0.93358 -0.358368 -0 0.407144 0.832354
-0.951057 -0.309017 -0 0.418689 0.828989
-1.1203 -0.430042 -0 0.399251 0.776042
-0.951057 -0.309017 -0 0.418689 0.828989
-1.14127 -0.37082 -0 0.412623 0.772068
-1.1203 -0.430042 -0 0.399251 0.776042
-1.1203 -0.430042 -0 0.399251 0.776042
-1.14127 -0.37082 -0 0.412623 0.772068
-1.30701 -0.501715 -0 0.393602 0.725519
-1.14127 -0.37082 -0 0.412623 0.772068
-1.33148 -0.432624 -0 0.407335 0.720804
-1.30701 -0.501715 -0 0.393602 0.725519
-1.30701 -0.501715 -0 0.393602 0.725519
-1.33148 -0.432624 -0 0.407335 0.720804
-1.49373 -0.573389 -0 0.388773 0.681945
-1.33148 -0.432624 -0 0.407335 0.720804
-1.52169 -0.494427 -0 0.402738 0.676607
-1.49373 -0.573389 -0 0.388773 0.681945
-1.49373 -0.573389 -0 0.388773 0.681945
-1.52169 -0.494427 -0 0.402738 0.676607
-1.68044 -0.645062 -0 0.384501 0.643022
-1.52169 -0.494427 -0 0.402738 0.676607
-1.7119 -0.556231 -0 0.400134 0.639605
-1.68044 -0.645062 -0 0.384501 0.643022
-1.68044 -0.645062 -0 0.384501 0.643022
-1.7119 -0.556231 -0 0.400134 0.639605
-1.86716 -0.716736 -0 0.38213 0.610015
-1.7119 -0.556231 -0 0.400134 0.639605
-1.90211 -0.618034 -0 0.397874 0.60619
-1.86716 -0.716736 -0 0.38213 0.610015
-1.86716 -0.716736 -0 0.38213 0.610015
-1.90211 -0.618034 -0 0.397874 0.60619
-2.05388 -0.788409 -0 0.378672 0.581067
-1.90211 -0.618034 -0 0.397874 0.60619
-2.09232 -0.679837 -0 0.3959 0.576966
-2.05388 -0.788409 -0 0.378672 0.581067
-2.05388 -0.788409 -0 0.378672 0.581067
-2.09232 -0.679837 -0 0.3959 0.576966
-2.4312 -0.933249 0.04 0.375227 0.524913
-2.09232 -0.679837 -0 0.3959 0.576966
-2.47671 -0.804731 0.04 0.3925 0.52012
-2.4312 -0.933249 0.04 0.375227 0.524913
-2.4312 -0.933249 0.04 0.375227 0.524913
-2.47671 -0.804731 0.04 0.3925 0.52012
-2.61791 -1.00492 0.16 0.372467 0.48574
-2.47671 -0.804731 0.04 0.3925 0.52012
-2.66692 -0.866534 0.16 0.389678 0.480504
-2.61791 -1.00492 0.16 0.372467 0.48574
-2.61791 -1.00492 0.16 0.372467 0.48574
-2.66692 -0.866534 0.16 0.389678 0.480504
-2.80463 -1.0766 0.36 0.367603 0.435135
-2.66692 -0.866534 0.16 0.389678 0.480504
-2.85713 -0.928337 0.36 0.386025 0.429302
-2.80463 -1.0766 0.36 0.367603 0.435135
-2.80463 -1.0766 0.36 0.367603 0.435135
-2.85713 -0.928337 0.36 0.386025 0.429302
-2.99134 -1.14827 0.64 0.364019 0.374815
-2.85713 -0.928337 0.36 0.386025 0.429302
-3.04734 -0.990141 0.64 0.383395 0.370572
-2.99134 -1.14827 0.64 0.364019 0.374815
-2.99134 -1.14827 0.64 0.364019 0.374815
-3.04734 -0.990141 0.64 0.383395 0.370572
-3.17806 -1.21994 1 0.36122 0.303809
-3.04734 -0.990141 0.64 0.383395 0.370572
-3.23755 -1.05194 1 0.381132 0.300722
-3.17806 -1.21994 1 0.36122 0.303809
-3.17806 -1.21994 1 0.36122 0.303809
-3.23755 -1.05194 1 0.381132 0.300722
-3.36478 -1.29162 1.44 0.358732 0.228225
-3.23755 -1.05194 1 0.381132 0.300722
-3.42776 -1.11375 1.44 0.378786 0.22397
-3.36478 -1.29162 1.44 0.358732 0.228225
-3.36478 -1.29162 1.44 0.358732 0.228225
-3.42776 -1.11375 1.44 0.378786 0.22397
-3.55149 -1.36329 1.96 0.359082 0.148429
-3.42776 -1.11375 1.44 0.378786 0.22397
-3.61797 -1.17555 1.96 0.37841 0.146151
-3.55149 -1.36329 1.96 0.359082 0.148429
-0.730836 -0.325389 -0 0.408107 0.89981
-0.746864 -0.286694 -0 0.41741 0.895973
-0.913545 -0.406737 -0 0.396044 0.83705
-0.746864 -0.286694 -0 0.41741 0.895973
-0.93358 -0.358368 -0 0.407144 0.832354
-0.913545 -0.406737 -0 0.396044 0.83705
-0.913545 -0.406737 -0 0.396044 0.83705
-0.93358 -0.358368 -0 0.407144 0.832354
-1.09625 -0.488084 -0 0.386278 0.779643
-0.93358 -0.358368 -0 0.407144 0.832354
-1.1203 -0.430042 -0 0.399251 0.776042
-1.09625 -0.488084 -0 0.386278 0.779643
-1.09625 -0.488084 -0 0.386278 0.779643
-1.1203 -0.430042 -0 0.399251 0.776042
-1.27896 -0.569431 -0 0.378949 0.729677
-1.1203 -0.430042 -0 0.399251 0.776042
-1.30701 -0.501715 -0 0.393602 0.725519
-1.27896 -0.569431 -0 0.378949 0.729677
-1.27896 -0.569431 -0 0.378949 0.729677
-1.30701 -0.501715 -0 0.393602 0.725519
-1.46167 -0.650779 -0 0.373782 0.684588
-1.30701 -0.501715 -0 0.393602 0.725519
-1.49373 -0.573389 -0 0.388773 0.681945
-1.46167 -0.650779 -0 0.373782 0.684588
-1.46167 -0.650779 -0 0.373782 0.684588
-1.49373 -0.573389 -0 0.388773 0.681945
-1.64438 -0.732126 -0 0.369384 0.646167
-1.49373 -0.573389 -0 0.388773 0.681945
-1.68044 -0.645062 -0 0.384501 0.643022
-1.64438 -0.732126 -0 0.369384 0.646167
-1.64438 -0.732126 -0 0.369384 0.646167
-1.68044 -0.645062 -0 0.384501 0.643022
-1.82709 -0.813473 -0 0.365541 0.613491
-1.68044 -0.645062 -0 0.384501 0.643022
-1.86716 -0.716736 -0 0.38213 0.610015
-1.82709 -0.813473 -0 0.365541 0.613491
-1.82709 -0.813473 -0 0.365541 0.613491
-1.86716 -0.716736 -0 0.38213 0.610015
-2.0098 -0.894821 -0 0.363443 0.585022
-1.86716 -0.716736 -0 0.38213 0.610015
-2.05388 -0.788409 -0 0.378672 0.581067
-2.0098 -0.894821 -0 0.363443 0.585022
-2.0098 -0.894821 -0 0.363443 0.585022
-2.05388 -0.788409 -0 0.378672 0.581067
-2.37902 -1.05921 0.04 0.35859 0.529561
-2.05388 -0.788409 -0 0.378672 0.581067
-2.4312 -0.933249 0.04 0.375227 0.524913
-2.37902 -1.05921 0.04 0.35859 0.529561
-2.37902 -1.05921 0.04 0.35859 0.529561
-2.4312 -0.933249 0.04 0.375227 0.524913
-2.56173 -1.14056 0.16 0.354538 0.490915
-2.4312 -0.933249 0.04 0.375227 0.524913
-2.61791 -1.00492 0.16 0.372467 0.48574
-2.56173 -1.14056 0.16 0.354538 0.490915
-2.56173 -1.14056 0.16 0.354538 0.490915
-2.61791 -1.00492 0.16 0.372467 0.48574
-2.74444 -1.2219 0.36 0.349967 0.43861
-2.61791 -1.00492 0.16 0.372467 0.48574
-2.80463 -1.0766 0.36 0.367603 0.435135
-2.74444 -1.2219 0.36 0.349967 0.43861
-2.74444 -1.2219 0.36 0.349967 0.43861
-2.80463 -1.0766 0.36 0.367603 0.435135
-2.92715 -1.30325 0.64 0.345473 0.379235
-2.80463 -1.0766 0.36 0.367603 0.435135
-2.99134 -1.14827 0.64 0.364019 0.374815
-2.92715 -1.30325 0.64 0.345473 0.379235
-2.92715 -1.30325 0.64 0.345473 0.379235
-2.99134 -1.14827 0.64 0.364019 0.374815
-3.10986 -1.3846 1 0.342071 0.309318
-2.99134 -1.14827 0.64 0.364019 0.374815
-3.17806 -1.21994 1 0.36122 0.303809
-3.10986 -1.3846 1 0.342071 0.309318
-3.10986 -1.3846 1 0.342071 0.309318
-3.17806 -1.21994 1 0.36122 0.303809
-3.29257 -1.46595 1.44 0.338638 0.231522
-3.17806 -1.21994 1 0.36122 0.303809
-3.36478 -1.29162 1.44 0.358732 0.228225
-3.29257 -1.46595 1.44 0.338638 0.231522
-3.29257 -1.46595 1.44 0.338638 0.231522
-3.36478 -1.29162 1.44 0.358732 0.228225
-3.47528 -1.54729 1.96 0.338334 0.153494
-3.36478 -1.29162 1.44 0.358732 0.228225
-3.55149 -1.36329 1.96 0.359082 0.148429
-3.47528 -1.54729 1.96 0.338334 0.153494
-0.913545 -0.406737 -0 0.396044 0.83705
-1.09625 -0.488084 -0 0.386278 0.779643
-1.06921 -0.544789 -0 0.373881 0.784735
-1.06921 -0.544789 -0 0.373881 0.784735
-1.09625 -0.488084 -0 0.386278 0.779643
-1.24741 -0.635587 -0 0.364832 0.733441
-1.09625 -0.488084 -0 0.386278 0.779643
-1.27896 -0.569431 -0 0.378949 0.729677
-1.24741 -0.635587 -0 0.364832 0.733441
-1.24741 -0.635587 -0 0.364832 0.733441
-1.27896 -0.569431 -0 0.378949 0.729677
-1.42561 -0.726385 -0 0.359566 0.691244
-1.27896 -0.569431 -0 0.378949 0.729677
-1.46167 -0.650779 -0 0.373782 0.684588
-1.42561 -0.726385 -0 0.359566 0.691244
-1.42561 -0.726385 -0 0.359566 0.691244
-1.46167 -0.650779 -0 0.373782 0.684588
-1.60381 -0.817183 -0 0.353708 0.653372
-1.46167 -0.650779 -0 0.373782 0.684588
-1.64438 -0.732126 -0 0.369384 0.646167
-1.60381 -0.817183 -0 0.353708 0.653372
-1.60381 -0.817183 -0 0.353708 0.653372
-1.64438 -0.732126 -0 0.369384 0.646167
-1.78201 -0.907981 -0 0.349701 0.619003
-1.64438 -0.732126 -0 0.369384 0.646167
-1.82709 -0.813473 -0 0.365541 0.613491
-1.78201 -0.907981 -0 0.349701 0.619003
-1.78201 -0.907981 -0 0.349701 0.619003
-1.82709 -0.813473 -0 0.365541 0.613491
-1.96021 -0.998779 -0 0.347531 0.591016
-1.82709 -0.813473 -0 0.365541 0.613491
-2.0098 -0.894821 -0 0.363443 0.585022
-1.96021 -0.998779 -0 0.347531 0.591016
-1.96021 -0.998779 -0 0.347531 0.591016
-2.0098 -0.894821 -0 0.363443 0.585022
-2.32033 -1.18227 0.04 0.341357 0.536394
-2.0098 -0.894821 -0 0.363443 0.585022
-2.37902 -1.05921 0.04 0.35859 0.529561
-2.32033 -1.18227 0.04 0.341357 0.536394
-2.32033 -1.18227 0.04 0.341357 0.536394
-2.37902 -1.05921 0.04 0.35859 0.529561
-2.49853 -1.27306 0.16 0.337413 0.495973
-2.37902 -1.05921 0.04 0.35859 0.529561
-2.56173 -1.14056 0.16 0.354538 0.490915
-2.49853 -1.27306 0.16 0.337413 0.495973
-2.49853 -1.27306 0.16 0.337413 0.495973
-2.56173 -1.14056 0.16 0.354538 0.490915
-2.67673 -1.36386 0.36 0.331811 0.444525
-2.56173 -1.14056 0.16 0.354538 0.490915
-2.74444 -1.2219 0.36 0.349967 0.43861
-2.67673 -1.36386 0.36 0.331811 0.444525
-2.67673 -1.36386 0.36 0.331811 0.444525
-2.74444 -1.2219 0.36 0.349967 0.43861
-2.85493 -1.45466 0.64 0.326599 0.383948
-2.74444 -1.2219 0.36 0.349967 0.43861
-2.92715 -1.30325 0.64 0.345473 0.379235
-2.85493 -1.45466 0.64 0.326599 0.383948
-2.85493 -1.45466 0.64 0.326599 0.383948
-2.92715 -1.30325 0.64 0.345473 0.379235
-3.03313 -1.54546 1 0.321702 0.313564
-2.92715 -1.30325 0.64 0.345473 0.379235
-3.10986 -1.3846 1 0.342071 0.309318
-3.03313 -1.54546 1 0.321702 0.313564
-3.03313 -1.54546 1 0.321702 0.313564
-3.10986 -1.3846 1 0.342071 0.309318
-3.21133 -1.63626 1.44 0.319474 0.237059
-3.10986 -1.3846 1 0.342071 0.309318
-3.29257 -1.46595 1.44 0.338638 0.231522
-3.21133 -1.63626 1.44 0.319474 0.237059
-3.21133 -1.63626 1.44 0.319474 0.237059
-3.29257 -1.46595 1.44 0.338638 0.231522
-3.38953 -1.72705 1.96 0.318008 0.15815
-3.29257 -1.46595 1.44 0.338638 0.231522
-3.47528 -1.54729 1.96 0.338334 0.153494
-3.38953 -1.72705 1.96 0.318008 0.15815
-2.49853 -1.27306 0.16 0.337413 0.495973
-2.67673 -1.36386 0.36 0.331811 0.444525
-2.60168 -1.50208 0.36 0.314616 0.450363
-2.60168 -1.50208 0.36 0.314616 0.450363
-2.67673 -1.36386 0.36 0.331811 0.444525
-2.77489 -1.60208 0.64 0.308792 0.388747
-2.67673 -1.36386 0.36 0.331811 0.444525
-2.85493 -1.45466 0.64 0.326599 0.383948
-2.77489 -1.60208 0.64 0.308792 0.388747
-2.77489 -1.60208 0.64 0.308792 0.388747
-2.85493 -1.45466 0.64 0.326599 0.383948
-2.94809 -1.70208 1 0.30354 0.319808
-2.85493 -1.45466 0.64 0.326599 0.383948
-3.03313 -1.54546 1 0.321702 0.313564
-2.94809 -1.70208 1 0.30354 0.319808
-2.94809 -1.70208 1 0.30354 0.319808
-3.03313 -1.54546 1 0.321702 0.313564
-3.1213 -1.80208 1.44 0.299626 0.241923
-3.03313 -1.54546 1 0.321702 0.313564
-3.21133 -1.63626 1.44 0.319474 0.237059
-3.1213 -1.80208 1.44 0.299626 0.241923
-3.1213 -1.80208 1.44 0.299626 0.241923
-3.21133 -1.63626 1.44 0.319474 0.237059
-3.2945 -1.90208 1.96 0.298368 0.162373
-3.21133 -1.63626 1.44 0.319474 0.237059
-3.38953 -1.72705 1.96 0.318008 0.15815
-3.2945 -1.90208 1.96 0.298368 0.162373
