-0.569431 -1.27896 -0 0.604874 0.725877
-0.635587 -1.24741 -0 0.618221 0.730786
-0.650779 -1.46167 -0 0.610594 0.681106
-0.635587 -1.24741 -0 0.618221 0.730786
-0.726385 -1.42561 -0 0.625447 0.686651
-0.650779 -1.46167 -0 0.610594 0.681106
-0.650779 -1.46167 -0 0.610594 0.681106
-0.726385 -1.42561 -0 0.625447 0.686651
-0.732126 -1.64438 -0 0.615462 0.642186
-0.726385 -1.42561 -0 0.625447 0.686651
-0.817183 -1.60381 -0 0.63048 0.648511
-0.732126 -1.64438 -0 0.615462 0.642186
-0.732126 -1.64438 -0 0.615462 0.642186
-0.817183 -1.60381 -0 0.63048 0.648511
-0.813473 -1.82709 -0 0.619692 0.608402
-1.05921 -2.37902 0.04 0.628779 0.52401
-1.18227 -2.32033 0.04 0.645279 0.532485
-1.14056 -2.56173 0.16 0.633103 0.485786
-1.18227 -2.32033 0.04 0.645279 0.532485
-1.27306 -2.49853 0.16 0.650818 0.492567
-1.14056 -2.56173 0.16 0.633103 0.485786
-1.14056 -2.56173 0.16 0.633103 0.485786
-1.27306 -2.49853 0.16 0.650818 0.492567
-1.2219 -2.74444 0.36 0.639311 0.433631
-1.27306 -2.49853 0.16 0.650818 0.492567
-1.36386 -2.67673 0.36 0.656803 0.441318
-1.2219 -2.74444 0.36 0.639311 0.433631
-1.2219 -2.74444 0.36 0.639311 0.433631
-1.36386 -2.67673 0.36 0.656803 0.441318
-1.30325 -2.92715 0.64 0.645376 0.373862
-1.36386 -2.67673 0.36 0.656803 0.441318
-1.45466 -2.85493 0.64 0.663624 0.380349
-1.30325 -2.92715 0.64 0.645376 0.373862
-1.30325 -2.92715 0.64 0.645376 0.373862
-1.45466 -2.85493 0.64 0.663624 0.380349
-1.3846 -3.10986 1 0.650233 0.302624
-1.45466 -2.85493 0.64 0.663624 0.380349
-1.54546 -3.03313 1 0.670005 0.308572
-1.3846 -3.10986 1 0.650233 0.302624
-1.3846 -3.10986 1 0.650233 0.302624
-1.54546 -3.03313 1 0.670005 0.308572
-1.46595 -3.29257 1.44 0.655137 0.225845
-1.54546 -3.03313 1 0.670005 0.308572
-1.63626 -3.21133 1.44 0.674703 0.231544
-1.46595 -3.29257 1.44 0.655137 0.225845
-1.46595 -3.29257 1.44 0.655137 0.225845
-1.63626 -3.21133 1.44 0.674703 0.231544
-1.54729 -3.47528 1.96 0.65734 0.14523
-1.63626 -3.21133 1.44 0.674703 0.231544
-1.72705 -3.38953 1.96 0.677199 0.151413
-1.54729 -3.47528 1.96 0.65734 0.14523
-0.286694 -0.746864 -0 0.562181 0.89292
-0.325389 -0.730836 -0 0.57217 0.895816
-0.358368 -0.93358 -0 0.573311 0.829499
-0.325389 -0.730836 -0 0.57217 0.895816
-0.406737 -0.913545 -0 0.58514 0.833183
-0.358368 -0.93358 -0 0.573311 0.829499
-0.358368 -0.93358 -0 0.573311 0.829499
-0.406737 -0.913545 -0 0.58514 0.833183
-0.430042 -1.1203 -0 0.583433 0.770258
-0.406737 -0.913545 -0 0.58514 0.833183
-0.488084 -1.09625 -0 0.595573 0.776719
-0.430042 -1.1203 -0 0.583433 0.770258
-0.430042 -1.1203 -0 0.583433 0.770258
-0.488084 -1.09625 -0 0.595573 0.776719
-0.501715 -1.30701 -0 0.590969 0.720516
-0.488084 -1.09625 -0 0.595573 0.776719
-0.569431 -1.27896 -0 0.604874 0.725877
-0.501715 -1.30701 -0 0.590969 0.720516
-0.501715 -1.30701 -0 0.590969 0.720516
-0.569431 -1.27896 -0 0.604874 0.725877
-0.573389 -1.49373 -0 0.596418 0.674883
-0.569431 -1.27896 -0 0.604874 0.725877
-0.650779 -1.46167 -0 0.610594 0.681106
-0.573389 -1.49373 -0 0.596418 0.674883
-0.573389 -1.49373 -0 0.596418 0.674883
-0.650779 -1.46167 -0 0.610594 0.681106
-0.645062 -1.68044 -0 0.601009 0.637465
-0.650779 -1.46167 -0 0.610594 0.681106
-0.732126 -1.64438 -0 0.615462 0.642186
-0.645062 -1.68044 -0 0.601009 0.637465
-0.645062 -1.68044 -0 0.601009 0.637465
-0.732126 -1.64438 -0 0.615462 0.642186
-0.716736 -1.86716 -0 0.603777 0.60328
-0.732126 -1.64438 -0 0.615462 0.642186
-0.813473 -1.82709 -0 0.619692 0.608402
-0.716736 -1.86716 -0 0.603777 0.60328
-0.716736 -1.86716 -0 0.603777 0.60328
-0.813473 -1.82709 -0 0.619692 0.608402
-0.788409 -2.05388 -0 0.607443 0.575065
-0.813473 -1.82709 -0 0.619692 0.608402
-0.894821 -2.0098 -0 0.623389 0.580641
-0.788409 -2.05388 -0 0.607443 0.575065
-0.788409 -2.05388 -0 0.607443 0.575065
-0.894821 -2.0098 -0 0.623389 0.580641
-0.933249 -2.4312 0.04 0.611369 0.519978
-0.894821 -2.0098 -0 0.623389 0.580641
-1.05921 -2.37902 0.04 0.628779 0.52401
-0.933249 -2.4312 0.04 0.611369 0.519978
-0.933249 -2.4312 0.04 0.611369 0.519978
-1.05921 -2.37902 0.04 0.628779 0.52401
-1.00492 -2.61791 0.16 0.615795 0.478725
-1.05921 -2.37902 0.04 0.628779 0.52401
-1.14056 -2.56173 0.16 0.633103 0.485786
-1.00492 -2.61791 0.16 0.615795 0.478725
-1.00492 -2.61791 0.16 0.615795 0.478725
-1.14056 -2.56173 0.16 0.633103 0.485786
-1.0766 -2.80463 0.36 0.620904 0.428148
-1.14056 -2.56173 0.16 0.633103 0.485786
-1.2219 -2.74444 0.36 0.639311 0.433631
-1.0766 -2.80463 0.36 0.620904 0.428148
-1.0766 -2.80463 0.36 0.620904 0.428148
-1.2219 -2.74444 0.36 0.639311 0.433631
-1.14827 -2.99134 0.64 0.626073 0.367349
-1.2219 -2.74444 0.36 0.639311 0.433631
-1.30325 -2.92715 0.64 0.645376 0.373862
-1.14827 -2.99134 0.64 0.626073 0.367349
-1.14827 -2.99134 0.64 0.626073 0.367349
-1.30325 -2.92715 0.64 0.645376 0.373862
-1.21994 -3.17806 1 0.6317 0.29728
-1.30325 -2.92715 0.64 0.645376 0.373862
-1.3846 -3.10986 1 0.650233 0.302624
-1.21994 -3.17806 1 0.6317 0.29728
-1.21994 -3.17806 1 0.6317 0.29728
-1.3846 -3.10986 1 0.650233 0.302624
-1.29162 -3.36478 1.44 0.635437 0.220799
-1.3846 -3.10986 1 0.650233 0.302624
-1.46595 -3.29257 1.44 0.655137 0.225845
-1.29162 -3.36478 1.44 0.635437 0.220799
-1.29162 -3.36478 1.44 0.635437 0.220799
-1.46595 -3.29257 1.44 0.655137 0.225845
-1.36329 -3.55149 1.96 0.637163 0.139933
-1.46595 -3.29257 1.44 0.655137 0.225845
-1.54729 -3.47528 1.96 0.65734 0.14523
-1.36329 -3.55149 1.96 0.637163 0.139933
-0.247214 -0.760845 -0 0.552031 0.88843
-0.286694 -0.746864 -0 0.562181 0.89292
-0.309017 -0.951057 -0 0.562387 0.825206
-0.286694 -0.746864 -0 0.562181 0.89292
-0.358368 -0.93358 -0 0.573311 0.829499
-0.309017 -0.951057 -0 0.562387 0.825206
-0.309017 -0.951057 -0 0.562387 0.825206
-0.358368 -0.93358 -0 0.573311 0.829499
-0.37082 -1.14127 -0 0.570583 0.766956
-0.358368 -0.93358 -0 0.573311 0.829499
-0.430042 -1.1203 -0 0.583433 0.770258
-0.37082 -1.14127 -0 0.570583 0.766956
-0.37082 -1.14127 -0 0.570583 0.766956
-0.430042 -1.1203 -0 0.583433 0.770258
-0.432624 -1.33148 -0 0.576524 0.714685
-0.430042 -1.1203 -0 0.583433 0.770258
-0.501715 -1.30701 -0 0.590969 0.720516
-0.432624 -1.33148 -0 0.576524 0.714685
-0.432624 -1.33148 -0 0.576524 0.714685
-0.501715 -1.30701 -0 0.590969 0.720516
-0.494427 -1.52169 -0 0.581576 0.670375
-0.501715 -1.30701 -0 0.590969 0.720516
-0.573389 -1.49373 -0 0.596418 0.674883
-0.494427 -1.52169 -0 0.581576 0.670375
-0.494427 -1.52169 -0 0.581576 0.670375
-0.573389 -1.49373 -0 0.596418 0.674883
-0.556231 -1.7119 -0 0.584592 0.632535
-0.573389 -1.49373 -0 0.596418 0.674883
-0.645062 -1.68044 -0 0.601009 0.637465
-0.556231 -1.7119 -0 0.584592 0.632535
-0.556231 -1.7119 -0 0.584592 0.632535
-0.645062 -1.68044 -0 0.601009 0.637465
-0.618034 -1.90211 -0 0.588625 0.597683
-0.645062 -1.68044 -0 0.601009 0.637465
-0.716736 -1.86716 -0 0.603777 0.60328
-0.618034 -1.90211 -0 0.588625 0.597683
-0.618034 -1.90211 -0 0.588625 0.597683
-0.716736 -1.86716 -0 0.603777 0.60328
-0.679837 -2.09232 -0 0.590826 0.569159
-0.716736 -1.86716 -0 0.603777 0.60328
-0.788409 -2.05388 -0 0.607443 0.575065
-0.679837 -2.09232 -0 0.590826 0.569159
-0.679837 -2.09232 -0 0.590826 0.569159
-0.788409 -2.05388 -0 0.607443 0.575065
-0.804731 -2.47671 0.04 0.59464 0.513244
-0.788409 -2.05388 -0 0.607443 0.575065
-0.933249 -2.4312 0.04 0.611369 0.519978
-0.804731 -2.47671 0.04 0.59464 0.513244
-0.804731 -2.47671 0.04 0.59464 0.513244
-0.933249 -2.4312 0.04 0.611369 0.519978
-0.866534 -2.66692 0.16 0.599116 0.473896
-0.933249 -2.4312 0.04 0.611369 0.519978
-1.00492 -2.61791 0.16 0.615795 0.478725
-0.866534 -2.66692 0.16 0.599116 0.473896
-0.866534 -2.66692 0.16 0.599116 0.473896
-1.00492 -2.61791 0.16 0.615795 0.478725
-0.928337 -2.85713 0.36 0.603001 0.422637
-1.00492 -2.61791 0.16 0.615795 0.478725
-1.0766 -2.80463 0.36 0.620904 0.428148
-0.928337 -2.85713 0.36 0.603001 0.422637
-0.928337 -2.85713 0.36 0.603001 0.422637
-1.0766 -2.80463 0.36 0.620904 0.428148
-0.990141 -3.04734 0.64 0.607213 0.363327
-1.0766 -2.80463 0.36 0.620904 0.428148
-1.14827 -2.99134 0.64 0.626073 0.367349
-0.990141 -3.04734 0.64 0.607213 0.363327
-0.990141 -3.04734 0.64 0.607213 0.363327
-1.14827 -2.99134 0.64 0.626073 0.367349
-1.05194 -3.23755 1 0.612206 0.292143
-1.14827 -2.99134 0.64 0.626073 0.367349
-1.21994 -3.17806 1 0.6317 0.29728
-1.05194 -3.23755 1 0.612206 0.292143
-1.05194 -3.23755 1 0.612206 0.292143
-1.21994 -3.17806 1 0.6317 0.29728
-1.11375 -3.42776 1.44 0.615847 0.216445
-1.21994 -3.17806 1 0.6317 0.29728
-1.29162 -3.36478 1.44 0.635437 0.220799
-1.11375 -3.42776 1.44 0.615847 0.216445
-1.11375 -3.42776 1.44 0.615847 0.216445
-1.29162 -3.36478 1.44 0.635437 0.220799
-1.17555 -3.61797 1.96 0.616892 0.135579
-1.29162 -3.36478 1.44 0.635437 0.220799
-1.36329 -3.55149 1.96 0.637163 0.139933
-1.17555 -3.61797 1.96 0.616892 0.135579
-0.207055 -0.772741 -0 0.541377 0.886145
-0.247214 -0.760845 -0 0.552031 0.88843
-0.258819 -0.965926 -0 0.549835 0.820715
-0.247214 -0.760845 -0 0.552031 0.88843
-0.309017 -0.951057 -0 0.562387 0.825206
-0.258819 -0.965926 -0 0.549835 0.820715
-0.258819 -0.965926 -0 0.549835 0.820715
-0.309017 -0.951057 -0 0.562387 0.825206
-0.310583 -1.15911 -0 0.55736 0.763282
-0.309017 -0.951057 -0 0.562387 0.825206
-0.37082 -1.14127 -0 0.570583 0.766956
-0.310583 -1.15911 -0 0.55736 0.763282
-0.310583 -1.15911 -0 0.55736 0.763282
-0.37082 -1.14127 -0 0.570583 0.766956
-0.362347 -1.3523 -0 0.562789 0.712318
-0.37082 -1.14127 -0 0.570583 0.766956
-0.432624 -1.33148 -0 0.576524 0.714685
-0.362347 -1.3523 -0 0.562789 0.712318
-0.362347 -1.3523 -0 0.562789 0.712318
-0.432624 -1.33148 -0 0.576524 0.714685
-0.41411 -1.54548 -0 0.566148 0.667678
-0.432624 -1.33148 -0 0.576524 0.714685
-0.494427 -1.52169 -0 0.581576 0.670375
-0.41411 -1.54548 -0 0.566148 0.667678
-0.41411 -1.54548 -0 0.566148 0.667678
-0.494427 -1.52169 -0 0.581576 0.670375
-0.465874 -1.73867 -0 0.569029 0.627091
-0.494427 -1.52169 -0 0.581576 0.670375
-0.556231 -1.7119 -0 0.584592 0.632535
-0.465874 -1.73867 -0 0.569029 0.627091
-0.465874 -1.73867 -0 0.569029 0.627091
-0.556231 -1.7119 -0 0.584592 0.632535
-0.517638 -1.93185 -0 0.571421 0.594238
-0.556231 -1.7119 -0 0.584592 0.632535
-0.618034 -1.90211 -0 0.588625 0.597683
-0.517638 -1.93185 -0 0.571421 0.594238
-0.517638 -1.93185 -0 0.571421 0.594238
-0.618034 -1.90211 -0 0.588625 0.597683
-0.569402 -2.12504 -0 0.573537 0.565356
-0.618034 -1.90211 -0 0.588625 0.597683
-0.679837 -2.09232 -0 0.590826 0.569159
-0.569402 -2.12504 -0 0.573537 0.565356
-0.569402 -2.12504 -0 0.573537 0.565356
-0.679837 -2.09232 -0 0.590826 0.569159
-0.674007 -2.51543 0.04 0.577265 0.508747
-0.679837 -2.09232 -0 0.590826 0.569159
-0.804731 -2.47671 0.04 0.59464 0.513244
-0.674007 -2.51543 0.04 0.577265 0.508747
-0.674007 -2.51543 0.04 0.577265 0.508747
-0.804731 -2.47671 0.04 0.59464 0.513244
-0.725771 -2.70861 0.16 0.580351 0.468942
-0.804731 -2.47671 0.04 0.59464 0.513244
-0.866534 -2.66692 0.16 0.599116 0.473896
-0.725771 -2.70861 0.16 0.580351 0.468942
-0.725771 -2.70861 0.16 0.580351 0.468942
-0.866534 -2.66692 0.16 0.599116 0.473896
-0.777535 -2.9018 0.36 0.58441 0.419536
-0.866534 -2.66692 0.16 0.599116 0.473896
-0.928337 -2.85713 0.36 0.603001 0.422637
-0.777535 -2.9018 0.36 0.58441 0.419536
-0.777535 -2.9018 0.36 0.58441 0.419536
-0.928337 -2.85713 0.36 0.603001 0.422637
-0.829298 -3.09498 0.64 0.588894 0.357179
-0.928337 -2.85713 0.36 0.603001 0.422637
-0.990141 -3.04734 0.64 0.607213 0.363327
-0.829298 -3.09498 0.64 0.588894 0.357179
-0.829298 -3.09498 0.64 0.588894 0.357179
-0.990141 -3.04734 0.64 0.607213 0.363327
-0.881062 -3.28817 1 0.591818 0.287287
-0.990141 -3.04734 0.64 0.607213 0.363327
-1.05194 -3.23755 1 0.612206 0.292143
-0.881062 -3.28817 1 0.591818 0.287287
-0.881062 -3.28817 1 0.591818 0.287287
-1.05194 -3.23755 1 0.612206 0.292143
-0.932826 -3.48135 1.44 0.595158 0.210648
-1.05194 -3.23755 1 0.612206 0.292143
-1.11375 -3.42776 1.44 0.615847 0.216445
-0.932826 -3.48135 1.44 0.595158 0.210648
-0.932826 -3.48135 1.44 0.595158 0.210648
-1.11375 -3.42776 1.44 0.615847 0.216445
-0.98459 -3.67454 1.96 0.596763 0.132192
-1.11375 -3.42776 1.44 0.615847 0.216445
-1.17555 -3.61797 1.96 0.616892 0.135579
-0.98459 -3.67454 1.96 0.596763 0.132192
-0.166329 -0.782518 -0 0.5305 0.883547
-0.207055 -0.772741 -0 0.541377 0.886145
-0.207912 -0.978148 -0 0.538099 0.81889
-0.207055 -0.772741 -0 0.541377 0.886145
-0.258819 -0.965926 -0 0.549835 0.820715
-0.207912 -0.978148 -0 0.538099 0.81889
-0.207912 -0.978148 -0 0.538099 0.81889
-0.258819 -0.965926 -0 0.549835 0.820715
-0.249494 -1.17378 -0 0.543791 0.759222
-0.258819 -0.965926 -0 0.549835 0.820715
-0.310583 -1.15911 -0 0.55736 0.763282
-0.249494 -1.17378 -0 0.543791 0.759222
-0.249494 -1.17378 -0 0.543791 0.759222
-0.310583 -1.15911 -0 0.55736 0.763282
-0.291076 -1.36941 -0 0.547354 0.707695
-0.310583 -1.15911 -0 0.55736 0.763282
-0.362347 -1.3523 -0 0.562789 0.712318
-0.291076 -1.36941 -0 0.547354 0.707695
-0.291076 -1.36941 -0 0.547354 0.707695
-0.362347 -1.3523 -0 0.562789 0.712318
-0.332659 -1.56504 -0 0.551837 0.662315
-0.362347 -1.3523 -0 0.562789 0.712318
-0.41411 -1.54548 -0 0.566148 0.667678
-0.332659 -1.56504 -0 0.551837 0.662315
-0.332659 -1.56504 -0 0.551837 0.662315
-0.41411 -1.54548 -0 0.566148 0.667678
-0.374241 -1.76067 -0 0.554428 0.623528
-0.41411 -1.54548 -0 0.566148 0.667678
-0.465874 -1.73867 -0 0.569029 0.627091
-0.374241 -1.76067 -0 0.554428 0.623528
-0.374241 -1.76067 -0 0.554428 0.623528
-0.465874 -1.73867 -0 0.569029 0.627091
-0.415823 -1.9563 -0 0.55669 0.590344
-0.465874 -1.73867 -0 0.569029 0.627091
-0.517638 -1.93185 -0 0.571421 0.594238
-0.415823 -1.9563 -0 0.55669 0.590344
-0.415823 -1.9563 -0 0.55669 0.590344
-0.517638 -1.93185 -0 0.571421 0.594238
-0.457406 -2.15192 -0 0.557214 0.56124
-0.517638 -1.93185 -0 0.571421 0.594238
-0.569402 -2.12504 -0 0.573537 0.565356
-0.457406 -2.15192 -0 0.557214 0.56124
-0.457406 -2.15192 -0 0.557214 0.56124
-0.569402 -2.12504 -0 0.573537 0.565356
-0.541436 -2.54726 0.04 0.560837 0.506569
-0.569402 -2.12504 -0 0.573537 0.565356
-0.674007 -2.51543 0.04 0.577265 0.508747
-0.541436 -2.54726 0.04 0.560837 0.506569
-0.541436 -2.54726 0.04 0.560837 0.506569
-0.674007 -2.51543 0.04 0.577265 0.508747
-0.583018 -2.74289 0.16 0.562453 0.4664
-0.674007 -2.51543 0.04 0.577265 0.508747
-0.725771 -2.70861 0.16 0.580351 0.468942
-0.583018 -2.74289 0.16 0.562453 0.4664
-0.583018 -2.74289 0.16 0.562453 0.4664
-0.725771 -2.70861 0.16 0.580351 0.468942
-0.624601 -2.93851 0.36 0.566642 0.414046
-0.725771 -2.70861 0.16 0.580351 0.468942
-0.777535 -2.9018 0.36 0.58441 0.419536
-0.624601 -2.93851 0.36 0.566642 0.414046
-0.624601 -2.93851 0.36 0.566642 0.414046
-0.777535 -2.9018 0.36 0.58441 0.419536
-0.666183 -3.13414 0.64 0.570013 0.353519
-0.777535 -2.9018 0.36 0.58441 0.419536
-0.829298 -3.09498 0.64 0.588894 0.357179
-0.666183 -3.13414 0.64 0.570013 0.353519
-0.666183 -3.13414 0.64 0.570013 0.353519
-0.829298 -3.09498 0.64 0.588894 0.357179
-0.707765 -3.32977 1 0.572152 0.285125
-0.829298 -3.09498 0.64 0.588894 0.357179
-0.881062 -3.28817 1 0.591818 0.287287
-0.707765 -3.32977 1 0.572152 0.285125
-0.707765 -3.32977 1 0.572152 0.285125
-0.881062 -3.28817 1 0.591818 0.287287
-0.749348 -3.5254 1.44 0.575129 0.207508
-0.881062 -3.28817 1 0.591818 0.287287
-0.932826 -3.48135 1.44 0.595158 0.210648
-0.749348 -3.5254 1.44 0.575129 0.207508
-0.749348 -3.5254 1.44 0.575129 0.207508
-0.932826 -3.48135 1.44 0.595158 0.210648
-0.79093 -3.72103 1.96 0.576869 0.128172
-0.932826 -3.48135 1.44 0.595158 0.210648
-0.98459 -3.67454 1.96 0.596763 0.132192
-0.79093 -3.72103 1.96 0.576869 0.128172
-0.125148 -0.790151 -0 0.520614 0.881849
-0.166329 -0.782518 -0 0.5305 0.883547
-0.156434 -0.987688 -0 0.526159 0.816766
-0.166329 -0.782518 -0 0.5305 0.883547
-0.207912 -0.978148 -0 0.538099 0.81889
-0.156434 -0.987688 -0 0.526159 0.816766
-0.156434 -0.987688 -0 0.526159 0.816766
-0.207912 -0.978148 -0 0.538099 0.81889
-0.187721 -1.18523 -0 0.529841 0.756667
-0.207912 -0.978148 -0 0.538099 0.81889
-0.249494 -1.17378 -0 0.543791 0.759222
-0.187721 -1.18523 -0 0.529841 0.756667
-0.187721 -1.18523 -0 0.529841 0.756667
-0.249494 -1.17378 -0 0.543791 0.759222
-0.219008 -1.38276 -0 0.532938 0.704642
-0.249494 -1.17378 -0 0.543791 0.759222
-0.291076 -1.36941 -0 0.547354 0.707695
-0.219008 -1.38276 -0 0.532938 0.704642
-0.219008 -1.38276 -0 0.532938 0.704642
-0.291076 -1.36941 -0 0.547354 0.707695
-0.250295 -1.5803 -0 0.535571 0.661187
-0.291076 -1.36941 -0 0.547354 0.707695
-0.332659 -1.56504 -0 0.551837 0.662315
-0.250295 -1.5803 -0 0.535571 0.661187
-0.250295 -1.5803 -0 0.535571 0.661187
-0.332659 -1.56504 -0 0.551837 0.662315
-0.281582 -1.77784 -0 0.537935 0.622134
-0.332659 -1.56504 -0 0.551837 0.662315
-0.374241 -1.76067 -0 0.554428 0.623528
-0.281582 -1.77784 -0 0.537935 0.622134
-0.281582 -1.77784 -0 0.537935 0.622134
-0.374241 -1.76067 -0 0.554428 0.623528
-0.312869 -1.97538 -0 0.540054 0.588714
-0.374241 -1.76067 -0 0.554428 0.623528
-0.415823 -1.9563 -0 0.55669 0.590344
-0.312869 -1.97538 -0 0.540054 0.588714
-0.312869 -1.97538 -0 0.540054 0.588714
-0.415823 -1.9563 -0 0.55669 0.590344
-0.344156 -2.17291 -0 0.540461 0.55938
-0.415823 -1.9563 -0 0.55669 0.590344
-0.457406 -2.15192 -0 0.557214 0.56124
-0.344156 -2.17291 -0 0.540461 0.55938
-0.344156 -2.17291 -0 0.540461 0.55938
-0.457406 -2.15192 -0 0.557214 0.56124
-0.407381 -2.5721 0.04 0.542474 0.501795
-0.457406 -2.15192 -0 0.557214 0.56124
-0.541436 -2.54726 0.04 0.560837 0.506569
-0.407381 -2.5721 0.04 0.542474 0.501795
-0.407381 -2.5721 0.04 0.542474 0.501795
-0.541436 -2.54726 0.04 0.560837 0.506569
-0.438668 -2.76964 0.16 0.545627 0.463832
-0.541436 -2.54726 0.04 0.560837 0.506569
-0.583018 -2.74289 0.16 0.562453 0.4664
-0.438668 -2.76964 0.16 0.545627 0.463832
-0.438668 -2.76964 0.16 0.545627 0.463832
-0.583018 -2.74289 0.16 0.562453 0.4664
-0.469955 -2.96718 0.36 0.546892 0.411033
-0.583018 -2.74289 0.16 0.562453 0.4664
-0.624601 -2.93851 0.36 0.566642 0.414046
-0.469955 -2.96718 0.36 0.546892 0.411033
-0.469955 -2.96718 0.36 0.546892 0.411033
-0.624601 -2.93851 0.36 0.566642 0.414046
-0.501242 -3.16471 0.64 0.550586 0.350052
-0.624601 -2.93851 0.36 0.566642 0.414046
-0.666183 -3.13414 0.64 0.570013 0.353519
-0.501242 -3.16471 0.64 0.550586 0.350052
-0.501242 -3.16471 0.64 0.550586 0.350052
-0.666183 -3.13414 0.64 0.570013 0.353519
-0.532528 -3.36225 1 0.553258 0.281259
-0.666183 -3.13414 0.64 0.570013 0.353519
-0.707765 -3.32977 1 0.572152 0.285125
-0.532528 -3.36225 1 0.553258 0.281259
-0.532528 -3.36225 1 0.553258 0.281259
-0.707765 -3.32977 1 0.572152 0.285125
-0.563815 -3.55979 1.44 0.554444 0.204937
-0.707765 -3.32977 1 0.572152 0.285125
-0.749348 -3.5254 1.44 0.575129 0.207508
-0.563815 -3.55979 1.44 0.554444 0.204937
-0.563815 -3.55979 1.44 0.554444 0.204937
-0.749348 -3.5254 1.44 0.575129 0.207508
-0.595102 -3.75733 1.96 0.556445 0.126456
-0.749348 -3.5254 1.44 0.575129 0.207508
-0.79093 -3.72103 1.96 0.576869 0.128172
-0.595102 -3.75733 1.96 0.556445 0.126456
-0.0836228 -0.795618 -0 0.509328 0.879982
-0.125148 -0.790151 -0 0.520614 0.881849
-0.104528 -0.994522 -0 0.514039 0.814333
-0.125148 -0.790151 -0 0.520614 0.881849
-0.156434 -0.987688 -0 0.526159 0.816766
-0.104528 -0.994522 -0 0.514039 0.814333
-0.104528 -0.994522 -0 0.514039 0.814333
-0.156434 -0.987688 -0 0.526159 0.816766
-0.125434 -1.19343 -0 0.517045 0.75559
-0.156434 -0.987688 -0 0.526159 0.816766
-0.187721 -1.18523 -0 0.529841 0.756667
-0.125434 -1.19343 -0 0.517045 0.75559
-0.125434 -1.19343 -0 0.517045 0.75559
-0.187721 -1.18523 -0 0.529841 0.756667
-0.14634 -1.39233 -0 0.518227 0.703374
-0.187721 -1.18523 -0 0.529841 0.756667
-0.219008 -1.38276 -0 0.532938 0.704642
-0.14634 -1.39233 -0 0.518227 0.703374
-0.14634 -1.39233 -0 0.518227 0.703374
-0.219008 -1.38276 -0 0.532938 0.704642
-0.167246 -1.59124 -0 0.520582 0.657436
-0.219008 -1.38276 -0 0.532938 0.704642
-0.250295 -1.5803 -0 0.535571 0.661187
-0.167246 -1.59124 -0 0.520582 0.657436
-0.167246 -1.59124 -0 0.520582 0.657436
-0.250295 -1.5803 -0 0.535571 0.661187
-0.188151 -1.79014 -0 0.522686 0.620426
-0.250295 -1.5803 -0 0.535571 0.661187
-0.281582 -1.77784 -0 0.537935 0.622134
-0.188151 -1.79014 -0 0.522686 0.620426
-0.188151 -1.79014 -0 0.522686 0.620426
-0.281582 -1.77784 -0 0.537935 0.622134
-0.209057 -1.98904 -0 0.523136 0.584433
-0.281582 -1.77784 -0 0.537935 0.622134
-0.312869 -1.97538 -0 0.540054 0.588714
-0.209057 -1.98904 -0 0.523136 0.584433
-0.209057 -1.98904 -0 0.523136 0.584433
-0.312869 -1.97538 -0 0.540054 0.588714
-0.229963 -2.18795 -0 0.523415 0.554864
-0.312869 -1.97538 -0 0.540054 0.588714
-0.344156 -2.17291 -0 0.540461 0.55938
-0.229963 -2.18795 -0 0.523415 0.554864
-0.229963 -2.18795 -0 0.523415 0.554864
-0.344156 -2.17291 -0 0.540461 0.55938
-0.272209 -2.5899 0.04 0.52529 0.499423
-0.344156 -2.17291 -0 0.540461 0.55938
-0.407381 -2.5721 0.04 0.542474 0.501795
-0.272209 -2.5899 0.04 0.52529 0.499423
-0.272209 -2.5899 0.04 0.52529 0.499423
-0.407381 -2.5721 0.04 0.542474 0.501795
-0.293115 -2.7888 0.16 0.526899 0.461245
-0.407381 -2.5721 0.04 0.542474 0.501795
-0.438668 -2.76964 0.16 0.545627 0.463832
-0.293115 -2.7888 0.16 0.526899 0.461245
-0.293115 -2.7888 0.16 0.526899 0.461245
-0.438668 -2.76964 0.16 0.545627 0.463832
-0.314021 -2.98771 0.36 0.52826 0.408153
-0.438668 -2.76964 0.16 0.545627 0.463832
-0.469955 -2.96718 0.36 0.546892 0.411033
-0.314021 -2.98771 0.36 0.52826 0.408153
-0.314021 -2.98771 0.36 0.52826 0.408153
-0.469955 -2.96718 0.36 0.546892 0.411033
-0.334926 -3.18661 0.64 0.530756 0.349223
-0.469955 -2.96718 0.36 0.546892 0.411033
-0.501242 -3.16471 0.64 0.550586 0.350052
-0.334926 -3.18661 0.64 0.530756 0.349223
-0.334926 -3.18661 0.64 0.530756 0.349223
-0.501242 -3.16471 0.64 0.550586 0.350052
-0.355832 -3.38551 1 0.532515 0.279888
-0.501242 -3.16471 0.64 0.550586 0.350052
-0.532528 -3.36225 1 0.553258 0.281259
-0.355832 -3.38551 1 0.532515 0.279888
-0.355832 -3.38551 1 0.532515 0.279888
-0.532528 -3.36225 1 0.553258 0.281259
-0.376738 -3.58442 1.44 0.534657 0.203106
-0.532528 -3.36225 1 0.553258 0.281259
-0.563815 -3.55979 1.44 0.554444 0.204937
-0.376738 -3.58442 1.44 0.534657 0.203106
-0.376738 -3.58442 1.44 0.534657 0.203106
-0.563815 -3.55979 1.44 0.554444 0.204937
-0.397643 -3.78332 1.96 0.535351 0.123942
-0.563815 -3.55979 1.44 0.554444 0.204937
-0.595102 -3.75733 1.96 0.556445 0.126456
-0.397643 -3.78332 1.96 0.535351 0.123942
-0.0418688 -0.798904 -0 0.499163 0.879109
-0.0836228 -0.795618 -0 0.509328 0.879982
-0.052336 -0.99863 -0 0.501735 0.813248
-0.0836228 -0.795618 -0 0.509328 0.879982
-0.104528 -0.994522 -0 0.514039 0.814333
-0.052336 -0.99863 -0 0.501735 0.813248
-0.052336 -0.99863 -0 0.501735 0.813248
-0.104528 -0.994522 -0 0.514039 0.814333
-0.0628031 -1.19836 -0 0.502673 0.754287
-0.104528 -0.994522 -0 0.514039 0.814333
-0.125434 -1.19343 -0 0.517045 0.75559
-0.0628031 -1.19836 -0 0.502673 0.754287
-0.0628031 -1.19836 -0 0.502673 0.754287
-0.125434 -1.19343 -0 0.517045 0.75559
-0.0732703 -1.39808 -0 0.504846 0.701763
-0.125434 -1.19343 -0 0.517045 0.75559
-0.14634 -1.39233 -0 0.518227 0.703374
-0.0732703 -1.39808 -0 0.504846 0.701763
-0.0732703 -1.39808 -0 0.504846 0.701763
-0.14634 -1.39233 -0 0.518227 0.703374
-0.0837375 -1.59781 -0 0.505338 0.657931
-0.14634 -1.39233 -0 0.518227 0.703374
-0.167246 -1.59124 -0 0.520582 0.657436
-0.0837375 -1.59781 -0 0.505338 0.657931
-0.0837375 -1.59781 -0 0.505338 0.657931
-0.167246 -1.59124 -0 0.520582 0.657436
-0.0942047 -1.79753 -0 0.505694 0.61853
-0.167246 -1.59124 -0 0.520582 0.657436
-0.188151 -1.79014 -0 0.522686 0.620426
-0.0942047 -1.79753 -0 0.505694 0.61853
-0.0942047 -1.79753 -0 0.505694 0.61853
-0.188151 -1.79014 -0 0.522686 0.620426
-0.104672 -1.99726 -0 0.505934 0.584808
-0.188151 -1.79014 -0 0.522686 0.620426
-0.209057 -1.98904 -0 0.523136 0.584433
-0.104672 -1.99726 -0 0.505934 0.584808
-0.104672 -1.99726 -0 0.505934 0.584808
-0.209057 -1.98904 -0 0.523136 0.584433
-0.115139 -2.19699 -0 0.507677 0.555131
-0.209057 -1.98904 -0 0.523136 0.584433
-0.229963 -2.18795 -0 0.523415 0.554864
-0.115139 -2.19699 -0 0.507677 0.555131
-0.115139 -2.19699 -0 0.507677 0.555131
-0.229963 -2.18795 -0 0.523415 0.554864
-0.136291 -2.60059 0.04 0.507865 0.499533
-0.229963 -2.18795 -0 0.523415 0.554864
-0.272209 -2.5899 0.04 0.52529 0.499423
-0.136291 -2.60059 0.04 0.507865 0.499533
-0.136291 -2.60059 0.04 0.507865 0.499533
-0.272209 -2.5899 0.04 0.52529 0.499423
-0.146759 -2.80032 0.16 0.50948 0.458661
-0.272209 -2.5899 0.04 0.52529 0.499423
-0.293115 -2.7888 0.16 0.526899 0.461245
-0.146759 -2.80032 0.16 0.50948 0.458661
-0.146759 -2.80032 0.16 0.50948 0.458661
-0.293115 -2.7888 0.16 0.526899 0.461245
-0.157226 -3.00005 0.36 0.510946 0.407917
-0.293115 -2.7888 0.16 0.526899 0.461245
-0.314021 -2.98771 0.36 0.52826 0.408153
-0.157226 -3.00005 0.36 0.510946 0.407917
-0.157226 -3.00005 0.36 0.510946 0.407917
-0.314021 -2.98771 0.36 0.52826 0.408153
-0.167693 -3.19977 0.64 0.512128 0.346303
-0.314021 -2.98771 0.36 0.52826 0.408153
-0.334926 -3.18661 0.64 0.530756 0.349223
-0.167693 -3.19977 0.64 0.512128 0.346303
-0.167693 -3.19977 0.64 0.512128 0.346303
-0.334926 -3.18661 0.64 0.530756 0.349223
-0.17816 -3.3995 1 0.512885 0.27682
-0.334926 -3.18661 0.64 0.530756 0.349223
-0.355832 -3.38551 1 0.532515 0.279888
-0.17816 -3.3995 1 0.512885 0.27682
-0.17816 -3.3995 1 0.512885 0.27682
-0.355832 -3.38551 1 0.532515 0.279888
-0.188627 -3.59922 1.44 0.514526 0.201868
-0.355832 -3.38551 1 0.532515 0.279888
-0.376738 -3.58442 1.44 0.534657 0.203106
-0.188627 -3.59922 1.44 0.514526 0.201868
-0.188627 -3.59922 1.44 0.514526 0.201868
-0.376738 -3.58442 1.44 0.534657 0.203106
-0.199095 -3.79895 1.96 0.515222 0.122355
-0.376738 -3.58442 1.44 0.534657 0.203106
-0.397643 -3.78332 1.96 0.535351 0.123942
-0.199095 -3.79895 1.96 0.515222 0.122355
-0.0314016 -0.599178 -0 0.496426 0.949711
-0.0418688 -0.798904 -0 0.499163 0.879109
-4.89859e-017 -0.8 -0 0.487654 0.878017
-4.89859e-017 -0.8 -0 0.487654 0.878017
-0.0418688 -0.798904 -0 0.499163 0.879109
-6.12323e-017 -1 -0 0.489348 0.81187
-0.0418688 -0.798904 -0 0.499163 0.879109
-0.052336 -0.99863 -0 0.501735 0.813248
-6.12323e-017 -1 -0 0.489348 0.81187
-6.12323e-017 -1 -0 0.489348 0.81187
-0.052336 -0.99863 -0 0.501735 0.813248
-7.34788e-017 -1.2 -0 0.489647 0.752632
-0.052336 -0.99863 -0 0.501735 0.813248
-0.0628031 -1.19836 -0 0.502673 0.754287
-7.34788e-017 -1.2 -0 0.489647 0.752632
-7.34788e-017 -1.2 -0 0.489647 0.752632
-0.0628031 -1.19836 -0 0.502673 0.754287
-8.57253e-017 -1.4 -0 0.489856 0.702044
-0.0628031 -1.19836 -0 0.502673 0.754287
-0.0732703 -1.39808 -0 0.504846 0.701763
-8.57253e-017 -1.4 -0 0.489856 0.702044
-8.57253e-017 -1.4 -0 0.489856 0.702044
-0.0732703 -1.39808 -0 0.504846 0.701763
-9.79717e-017 -1.6 -0 0.490012 0.655908
-0.0732703 -1.39808 -0 0.504846 0.701763
-0.0837375 -1.59781 -0 0.505338 0.657931
-9.79717e-017 -1.6 -0 0.490012 0.655908
-9.79717e-017 -1.6 -0 0.490012 0.655908
-0.0837375 -1.59781 -0 0.505338 0.657931
-1.10218e-016 -1.8 -0 0.49012 0.616361
-0.0837375 -1.59781 -0 0.505338 0.657931
-0.0942047 -1.79753 -0 0.505694 0.61853
-1.10218e-016 -1.8 -0 0.49012 0.616361
-1.10218e-016 -1.8 -0 0.49012 0.616361
-0.0942047 -1.79753 -0 0.505694 0.61853
-1.22465e-016 -2 -0 0.490194 0.582525
-0.0942047 -1.79753 -0 0.505694 0.61853
-0.104672 -1.99726 -0 0.505934 0.584808
-1.22465e-016 -2 -0 0.490194 0.582525
-1.22465e-016 -2 -0 0.490194 0.582525
-0.104672 -1.99726 -0 0.505934 0.584808
-1.34711e-016 -2.2 -0 0.490245 0.552781
-0.104672 -1.99726 -0 0.505934 0.584808
-0.115139 -2.19699 -0 0.507677 0.555131
-1.34711e-016 -2.2 -0 0.490245 0.552781
-1.34711e-016 -2.2 -0 0.490245 0.552781
-0.115139 -2.19699 -0 0.507677 0.555131
-1.59459e-016 -2.60416 0.04 0.490304 0.49704
-0.115139 -2.19699 -0 0.507677 0.555131
-0.136291 -2.60059 0.04 0.507865 0.499533
-1.59459e-016 -2.60416 0.04 0.490304 0.49704
-1.59459e-016 -2.60416 0.04 0.490304 0.49704
-0.136291 -2.60059 0.04 0.507865 0.499533
-1.71705e-016 -2.80416 0.16 0.490316 0.458651
-0.136291 -2.60059 0.04 0.507865 0.499533
-0.146759 -2.80032 0.16 0.50948 0.458661
-1.71705e-016 -2.80416 0.16 0.490316 0.458651
-1.71705e-016 -2.80416 0.16 0.490316 0.458651
-0.146759 -2.80032 0.16 0.50948 0.458661
-1.83952e-016 -3.00416 0.36 0.491888 0.4078
-0.146759 -2.80032 0.16 0.50948 0.458661
-0.157226 -3.00005 0.36 0.510946 0.407917
-1.83952e-016 -3.00416 0.36 0.491888 0.4078
-1.83952e-016 -3.00416 0.36 0.491888 0.4078
-0.157226 -3.00005 0.36 0.510946 0.407917
-1.96198e-016 -3.20416 0.64 0.491787 0.346041
-0.157226 -3.00005 0.36 0.510946 0.407917
-0.167693 -3.19977 0.64 0.512128 0.346303
-1.96198e-016 -3.20416 0.64 0.491787 0.346041
-1.96198e-016 -3.20416 0.64 0.491787 0.346041
-0.167693 -3.19977 0.64 0.512128 0.346303
-2.08445e-016 -3.40416 1 0.493112 0.276407
-0.167693 -3.19977 0.64 0.512128 0.346303
-0.17816 -3.3995 1 0.512885 0.27682
-2.08445e-016 -3.40416 1 0.493112 0.276407
-2.08445e-016 -3.40416 1 0.493112 0.276407
-0.17816 -3.3995 1 0.512885 0.27682
-2.20691e-016 -3.60416 1.44 0.494169 0.199306
-0.17816 -3.3995 1 0.512885 0.27682
-0.188627 -3.59922 1.44 0.514526 0.201868
-2.20691e-016 -3.60416 1.44 0.494169 0.199306
-2.20691e-016 -3.60416 1.44 0.494169 0.199306
-0.188627 -3.59922 1.44 0.514526 0.201868
-2.32938e-016 -3.80416 1.96 0.494882 0.121549
-0.188627 -3.59922 1.44 0.514526 0.201868
-0.199095 -3.79895 1.96 0.515222 0.122355
-2.32938e-016 -3.80416 1.96 0.494882 0.121549
0.0418688 -0.798904 -0 0.477392 0.878
-4.89859e-017 -0.8 -0 0.487654 0.878017
0.052336 -0.99863 -0 0.476916 0.811867
-4.89859e-017 -0.8 -0 0.487654 0.878017
-6.12323e-017 -1 -0 0.489348 0.81187
0.052336 -0.99863 -0 0.476916 0.811867
0.052336 -0.99863 -0 0.476916 0.811867
-6.12323e-017 -1 -0 0.489348 0.81187
0.0628031 -1.19836 -0 0.475124 0.752614
-6.12323e-017 -1 -0 0.489348 0.81187
-7.34788e-017 -1.2 -0 0.489647 0.752632
0.0628031 -1.19836 -0 0.475124 0.752614
0.0628031 -1.19836 -0 0.475124 0.752614
-7.34788e-017 -1.2 -0 0.489647 0.752632
0.0732703 -1.39808 -0 0.474842 0.702031
-7.34788e-017 -1.2 -0 0.489647 0.752632
-8.57253e-017 -1.4 -0 0.489856 0.702044
0.0732703 -1.39808 -0 0.474842 0.702031
0.0732703 -1.39808 -0 0.474842 0.702031
-8.57253e-017 -1.4 -0 0.489856 0.702044
0.0837375 -1.59781 -0 0.474638 0.655899
-8.57253e-017 -1.4 -0 0.489856 0.702044
-9.79717e-017 -1.6 -0 0.490012 0.655908
0.0837375 -1.59781 -0 0.474638 0.655899
0.0837375 -1.59781 -0 0.474638 0.655899
-9.79717e-017 -1.6 -0 0.490012 0.655908
0.0942047 -1.79753 -0 0.4745 0.616356
-9.79717e-017 -1.6 -0 0.490012 0.655908
-1.10218e-016 -1.8 -0 0.49012 0.616361
0.0942047 -1.79753 -0 0.4745 0.616356
0.0942047 -1.79753 -0 0.4745 0.616356
-1.10218e-016 -1.8 -0 0.49012 0.616361
0.104672 -1.99726 -0 0.472833 0.582516
-1.10218e-016 -1.8 -0 0.49012 0.616361
-1.22465e-016 -2 -0 0.490194 0.582525
0.104672 -1.99726 -0 0.472833 0.582516
0.104672 -1.99726 -0 0.472833 0.582516
-1.22465e-016 -2 -0 0.490194 0.582525
0.115139 -2.19699 -0 0.472764 0.552779
-1.22465e-016 -2 -0 0.490194 0.582525
-1.34711e-016 -2.2 -0 0.490245 0.552781
0.115139 -2.19699 -0 0.472764 0.552779
0.115139 -2.19699 -0 0.472764 0.552779
-1.34711e-016 -2.2 -0 0.490245 0.552781
0.136291 -2.60059 0.04 0.4727 0.497053
-1.34711e-016 -2.2 -0 0.490245 0.552781
-1.59459e-016 -2.60416 0.04 0.490304 0.49704
0.136291 -2.60059 0.04 0.4727 0.497053
0.136291 -2.60059 0.04 0.4727 0.497053
-1.59459e-016 -2.60416 0.04 0.490304 0.49704
0.146759 -2.80032 0.16 0.472707 0.456117
-1.59459e-016 -2.60416 0.04 0.490304 0.49704
-1.71705e-016 -2.80416 0.16 0.490316 0.458651
0.146759 -2.80032 0.16 0.472707 0.456117
0.146759 -2.80032 0.16 0.472707 0.456117
-1.71705e-016 -2.80416 0.16 0.490316 0.458651
0.157226 -3.00005 0.36 0.472781 0.405316
-1.71705e-016 -2.80416 0.16 0.490316 0.458651
-1.83952e-016 -3.00416 0.36 0.491888 0.4078
0.157226 -3.00005 0.36 0.472781 0.405316
0.157226 -3.00005 0.36 0.472781 0.405316
-1.83952e-016 -3.00416 0.36 0.491888 0.4078
0.167693 -3.19977 0.64 0.472954 0.346084
-1.83952e-016 -3.00416 0.36 0.491888 0.4078
-1.96198e-016 -3.20416 0.64 0.491787 0.346041
0.167693 -3.19977 0.64 0.472954 0.346084
0.167693 -3.19977 0.64 0.472954 0.346084
-1.96198e-016 -3.20416 0.64 0.491787 0.346041
0.17816 -3.3995 1 0.473276 0.276446
-1.96198e-016 -3.20416 0.64 0.491787 0.346041
-2.08445e-016 -3.40416 1 0.493112 0.276407
0.17816 -3.3995 1 0.473276 0.276446
0.17816 -3.3995 1 0.473276 0.276446
-2.08445e-016 -3.40416 1 0.493112 0.276407
0.188627 -3.59922 1.44 0.473783 0.199328
-2.08445e-016 -3.40416 1 0.493112 0.276407
-2.20691e-016 -3.60416 1.44 0.494169 0.199306
0.188627 -3.59922 1.44 0.473783 0.199328
0.188627 -3.59922 1.44 0.473783 0.199328
-2.20691e-016 -3.60416 1.44 0.494169 0.199306
0.199095 -3.79895 1.96 0.474484 0.119951
-2.20691e-016 -3.60416 1.44 0.494169 0.199306
-2.32938e-016 -3.80416 1.96 0.494882 0.121549
0.199095 -3.79895 1.96 0.474484 0.119951
0.0836228 -0.795618 -0 0.46717 0.879098
0.0418688 -0.798904 -0 0.477392 0.878
0.104528 -0.994522 -0 0.464534 0.81324
0.0418688 -0.798904 -0 0.477392 0.878
0.052336 -0.99863 -0 0.476916 0.811867
0.104528 -0.994522 -0 0.464534 0.81324
0.104528 -0.994522 -0 0.464534 0.81324
0.052336 -0.99863 -0 0.476916 0.811867
0.125434 -1.19343 -0 0.46211 0.754237
0.052336 -0.99863 -0 0.476916 0.811867
0.0628031 -1.19836 -0 0.475124 0.752614
0.125434 -1.19343 -0 0.46211 0.754237
0.125434 -1.19343 -0 0.46211 0.754237
0.0628031 -1.19836 -0 0.475124 0.752614
0.14634 -1.39233 -0 0.459864 0.701723
0.0628031 -1.19836 -0 0.475124 0.752614
0.0732703 -1.39808 -0 0.474842 0.702031
0.14634 -1.39233 -0 0.459864 0.701723
0.14634 -1.39233 -0 0.459864 0.701723
0.0732703 -1.39808 -0 0.474842 0.702031
0.167246 -1.59124 -0 0.459302 0.655638
0.0732703 -1.39808 -0 0.474842 0.702031
0.0837375 -1.59781 -0 0.474638 0.655899
0.167246 -1.59124 -0 0.459302 0.655638
0.167246 -1.59124 -0 0.459302 0.655638
0.0837375 -1.59781 -0 0.474638 0.655899
0.188151 -1.79014 -0 0.457368 0.616112
0.0837375 -1.59781 -0 0.474638 0.655899
0.0942047 -1.79753 -0 0.4745 0.616356
0.188151 -1.79014 -0 0.457368 0.616112
0.188151 -1.79014 -0 0.457368 0.616112
0.0942047 -1.79753 -0 0.4745 0.616356
0.209057 -1.98904 -0 0.4571 0.582336
0.0942047 -1.79753 -0 0.4745 0.616356
0.104672 -1.99726 -0 0.472833 0.582516
0.209057 -1.98904 -0 0.4571 0.582336
0.209057 -1.98904 -0 0.4571 0.582336
0.104672 -1.99726 -0 0.472833 0.582516
0.229963 -2.18795 -0 0.456925 0.552648
0.104672 -1.99726 -0 0.472833 0.582516
0.115139 -2.19699 -0 0.472764 0.552779
0.229963 -2.18795 -0 0.456925 0.552648
0.229963 -2.18795 -0 0.456925 0.552648
0.115139 -2.19699 -0 0.472764 0.552779
0.272209 -2.5899 0.04 0.455162 0.49702
0.115139 -2.19699 -0 0.472764 0.552779
0.136291 -2.60059 0.04 0.4727 0.497053
0.272209 -2.5899 0.04 0.455162 0.49702
0.272209 -2.5899 0.04 0.455162 0.49702
0.136291 -2.60059 0.04 0.4727 0.497053
0.293115 -2.7888 0.16 0.455162 0.458727
0.136291 -2.60059 0.04 0.4727 0.497053
0.146759 -2.80032 0.16 0.472707 0.456117
0.293115 -2.7888 0.16 0.455162 0.458727
0.293115 -2.7888 0.16 0.455162 0.458727
0.146759 -2.80032 0.16 0.472707 0.456117
0.314021 -2.98771 0.36 0.453752 0.405504
0.146759 -2.80032 0.16 0.472707 0.456117
0.157226 -3.00005 0.36 0.472781 0.405316
0.314021 -2.98771 0.36 0.453752 0.405504
0.314021 -2.98771 0.36 0.453752 0.405504
0.157226 -3.00005 0.36 0.472781 0.405316
0.334926 -3.18661 0.64 0.454192 0.346399
0.157226 -3.00005 0.36 0.472781 0.405316
0.167693 -3.19977 0.64 0.472954 0.346084
0.334926 -3.18661 0.64 0.454192 0.346399
0.334926 -3.18661 0.64 0.454192 0.346399
0.167693 -3.19977 0.64 0.472954 0.346084
0.355832 -3.38551 1 0.453513 0.276935
0.167693 -3.19977 0.64 0.472954 0.346084
0.17816 -3.3995 1 0.473276 0.276446
0.355832 -3.38551 1 0.453513 0.276935
0.355832 -3.38551 1 0.453513 0.276935
0.17816 -3.3995 1 0.473276 0.276446
0.376738 -3.58442 1.44 0.453467 0.199989
0.17816 -3.3995 1 0.473276 0.276446
0.188627 -3.59922 1.44 0.473783 0.199328
0.376738 -3.58442 1.44 0.453467 0.199989
0.376738 -3.58442 1.44 0.453467 0.199989
0.188627 -3.59922 1.44 0.473783 0.199328
0.397643 -3.78332 1.96 0.454168 0.120746
0.188627 -3.59922 1.44 0.473783 0.199328
0.199095 -3.79895 1.96 0.474484 0.119951
0.397643 -3.78332 1.96 0.454168 0.120746
0.125148 -0.790151 -0 0.455741 0.87989
0.0836228 -0.795618 -0 0.46717 0.879098
0.156434 -0.987688 -0 0.452239 0.814319
0.0836228 -0.795618 -0 0.46717 0.879098
0.104528 -0.994522 -0 0.464534 0.81324
0.156434 -0.987688 -0 0.452239 0.814319
0.156434 -0.987688 -0 0.452239 0.814319
0.104528 -0.994522 -0 0.464534 0.81324
0.187721 -1.18523 -0 0.447761 0.755506
0.104528 -0.994522 -0 0.464534 0.81324
0.125434 -1.19343 -0 0.46211 0.754237
0.187721 -1.18523 -0 0.447761 0.755506
0.187721 -1.18523 -0 0.447761 0.755506
0.125434 -1.19343 -0 0.46211 0.754237
0.219008 -1.38276 -0 0.445025 0.703236
0.125434 -1.19343 -0 0.46211 0.754237
0.14634 -1.39233 -0 0.459864 0.701723
0.219008 -1.38276 -0 0.445025 0.703236
0.219008 -1.38276 -0 0.445025 0.703236
0.14634 -1.39233 -0 0.459864 0.701723
0.250295 -1.5803 -0 0.444107 0.657391
0.14634 -1.39233 -0 0.459864 0.701723
0.167246 -1.59124 -0 0.459302 0.655638
0.250295 -1.5803 -0 0.444107 0.657391
0.250295 -1.5803 -0 0.444107 0.657391
0.167246 -1.59124 -0 0.459302 0.655638
0.281582 -1.77784 -0 0.441946 0.618043
0.167246 -1.59124 -0 0.459302 0.655638
0.188151 -1.79014 -0 0.457368 0.616112
0.281582 -1.77784 -0 0.441946 0.618043
0.281582 -1.77784 -0 0.441946 0.618043
0.188151 -1.79014 -0 0.457368 0.616112
0.312869 -1.97538 -0 0.439964 0.58439
0.188151 -1.79014 -0 0.457368 0.616112
0.209057 -1.98904 -0 0.4571 0.582336
0.312869 -1.97538 -0 0.439964 0.58439
0.312869 -1.97538 -0 0.439964 0.58439
0.209057 -1.98904 -0 0.4571 0.582336
0.344156 -2.17291 -0 0.439669 0.554854
0.209057 -1.98904 -0 0.4571 0.582336
0.229963 -2.18795 -0 0.456925 0.552648
0.344156 -2.17291 -0 0.439669 0.554854
0.344156 -2.17291 -0 0.439669 0.554854
0.229963 -2.18795 -0 0.456925 0.552648
0.407381 -2.5721 0.04 0.437795 0.499483
0.229963 -2.18795 -0 0.456925 0.552648
0.272209 -2.5899 0.04 0.455162 0.49702
0.407381 -2.5721 0.04 0.437795 0.499483
0.407381 -2.5721 0.04 0.437795 0.499483
0.272209 -2.5899 0.04 0.455162 0.49702
0.438668 -2.76964 0.16 0.436214 0.458817
0.272209 -2.5899 0.04 0.455162 0.49702
0.293115 -2.7888 0.16 0.455162 0.458727
0.438668 -2.76964 0.16 0.436214 0.458817
0.438668 -2.76964 0.16 0.436214 0.458817
0.293115 -2.7888 0.16 0.455162 0.458727
0.469955 -2.96718 0.36 0.434904 0.408341
0.293115 -2.7888 0.16 0.455162 0.458727
0.314021 -2.98771 0.36 0.453752 0.405504
0.469955 -2.96718 0.36 0.434904 0.408341
0.469955 -2.96718 0.36 0.434904 0.408341
0.314021 -2.98771 0.36 0.453752 0.405504
0.501242 -3.16471 0.64 0.434082 0.347038
0.314021 -2.98771 0.36 0.453752 0.405504
0.334926 -3.18661 0.64 0.454192 0.346399
0.501242 -3.16471 0.64 0.434082 0.347038
0.501242 -3.16471 0.64 0.434082 0.347038
0.334926 -3.18661 0.64 0.454192 0.346399
0.532528 -3.36225 1 0.434009 0.275653
0.334926 -3.18661 0.64 0.454192 0.346399
0.355832 -3.38551 1 0.453513 0.276935
0.532528 -3.36225 1 0.434009 0.275653
0.532528 -3.36225 1 0.434009 0.275653
0.355832 -3.38551 1 0.453513 0.276935
0.563815 -3.55979 1.44 0.433363 0.201275
0.355832 -3.38551 1 0.453513 0.276935
0.376738 -3.58442 1.44 0.453467 0.199989
0.563815 -3.55979 1.44 0.433363 0.201275
0.563815 -3.55979 1.44 0.433363 0.201275
0.376738 -3.58442 1.44 0.453467 0.199989
0.595102 -3.75733 1.96 0.432805 0.120874
0.376738 -3.58442 1.44 0.453467 0.199989
0.397643 -3.78332 1.96 0.454168 0.120746
0.595102 -3.75733 1.96 0.432805 0.120874
0.166329 -0.782518 -0 0.445736 0.881824
0.125148 -0.790151 -0 0.455741 0.87989
0.207912 -0.978148 -0 0.438782 0.816634
0.125148 -0.790151 -0 0.455741 0.87989
0.156434 -0.987688 -0 0.452239 0.814319
0.207912 -0.978148 -0 0.438782 0.816634
0.207912 -0.978148 -0 0.438782 0.816634
0.156434 -0.987688 -0 0.452239 0.814319
0.249494 -1.17378 -0 0.434994 0.756552
0.156434 -0.987688 -0 0.452239 0.814319
0.187721 -1.18523 -0 0.447761 0.755506
0.249494 -1.17378 -0 0.434994 0.756552
0.249494 -1.17378 -0 0.434994 0.756552
0.187721 -1.18523 -0 0.447761 0.755506
0.291076 -1.36941 -0 0.430368 0.70445
0.187721 -1.18523 -0 0.447761 0.755506
0.219008 -1.38276 -0 0.445025 0.703236
0.291076 -1.36941 -0 0.430368 0.70445
0.291076 -1.36941 -0 0.430368 0.70445
0.219008 -1.38276 -0 0.445025 0.703236
0.332659 -1.56504 -0 0.42761 0.658796
0.219008 -1.38276 -0 0.445025 0.703236
0.250295 -1.5803 -0 0.444107 0.657391
0.332659 -1.56504 -0 0.42761 0.658796
0.332659 -1.56504 -0 0.42761 0.658796
0.250295 -1.5803 -0 0.444107 0.657391
0.374241 -1.76067 -0 0.425212 0.619681
0.250295 -1.5803 -0 0.444107 0.657391
0.281582 -1.77784 -0 0.441946 0.618043
0.374241 -1.76067 -0 0.425212 0.619681
0.374241 -1.76067 -0 0.425212 0.619681
0.281582 -1.77784 -0 0.441946 0.618043
0.415823 -1.9563 -0 0.424607 0.586294
0.281582 -1.77784 -0 0.441946 0.618043
0.312869 -1.97538 -0 0.439964 0.58439
0.415823 -1.9563 -0 0.424607 0.586294
0.415823 -1.9563 -0 0.424607 0.586294
0.312869 -1.97538 -0 0.439964 0.58439
0.457406 -2.15192 -0 0.422668 0.556895
0.312869 -1.97538 -0 0.439964 0.58439
0.344156 -2.17291 -0 0.439669 0.554854
0.457406 -2.15192 -0 0.422668 0.556895
0.457406 -2.15192 -0 0.422668 0.556895
0.344156 -2.17291 -0 0.439669 0.554854
0.541436 -2.54726 0.04 0.420689 0.501874
0.344156 -2.17291 -0 0.439669 0.554854
0.407381 -2.5721 0.04 0.437795 0.499483
0.541436 -2.54726 0.04 0.420689 0.501874
0.541436 -2.54726 0.04 0.420689 0.501874
0.407381 -2.5721 0.04 0.437795 0.499483
0.583018 -2.74289 0.16 0.419112 0.461452
0.407381 -2.5721 0.04 0.437795 0.499483
0.438668 -2.76964 0.16 0.436214 0.458817
0.583018 -2.74289 0.16 0.419112 0.461452
0.583018 -2.74289 0.16 0.419112 0.461452
0.438668 -2.76964 0.16 0.436214 0.458817
0.624601 -2.93851 0.36 0.416384 0.408801
0.438668 -2.76964 0.16 0.436214 0.458817
0.469955 -2.96718 0.36 0.434904 0.408341
0.624601 -2.93851 0.36 0.416384 0.408801
0.624601 -2.93851 0.36 0.416384 0.408801
0.469955 -2.96718 0.36 0.434904 0.408341
0.666183 -3.13414 0.64 0.414328 0.347966
0.469955 -2.96718 0.36 0.434904 0.408341
0.501242 -3.16471 0.64 0.434082 0.347038
0.666183 -3.13414 0.64 0.414328 0.347966
0.666183 -3.13414 0.64 0.414328 0.347966
0.501242 -3.16471 0.64 0.434082 0.347038
0.707765 -3.32977 1 0.413264 0.279321
0.501242 -3.16471 0.64 0.434082 0.347038
0.532528 -3.36225 1 0.434009 0.275653
0.707765 -3.32977 1 0.413264 0.279321
0.707765 -3.32977 1 0.413264 0.279321
0.532528 -3.36225 1 0.434009 0.275653
0.749348 -3.5254 1.44 0.412303 0.201387
0.532528 -3.36225 1 0.434009 0.275653
0.563815 -3.55979 1.44 0.433363 0.201275
0.749348 -3.5254 1.44 0.412303 0.201387
0.749348 -3.5254 1.44 0.412303 0.201387
0.563815 -3.55979 1.44 0.433363 0.201275
0.79093 -3.72103 1.96 0.413188 0.121677
0.563815 -3.55979 1.44 0.433363 0.201275
0.595102 -3.75733 1.96 0.432805 0.120874
0.79093 -3.72103 1.96 0.413188 0.121677
0.207055 -0.772741 -0 0.434617 0.883383
0.166329 -0.782518 -0 0.445736 0.881824
0.258819 -0.965926 -0 0.426875 0.818723
0.166329 -0.782518 -0 0.445736 0.881824
0.207912 -0.978148 -0 0.438782 0.816634
0.258819 -0.965926 -0 0.426875 0.818723
0.258819 -0.965926 -0 0.426875 0.818723
0.207912 -0.978148 -0 0.438782 0.816634
0.310583 -1.15911 -0 0.421087 0.759074
0.207912 -0.978148 -0 0.438782 0.816634
0.249494 -1.17378 -0 0.434994 0.756552
0.310583 -1.15911 -0 0.421087 0.759074
0.310583 -1.15911 -0 0.421087 0.759074
0.249494 -1.17378 -0 0.434994 0.756552
0.362347 -1.3523 -0 0.416025 0.707448
0.249494 -1.17378 -0 0.434994 0.756552
0.291076 -1.36941 -0 0.430368 0.70445
0.362347 -1.3523 -0 0.416025 0.707448
0.362347 -1.3523 -0 0.416025 0.707448
0.291076 -1.36941 -0 0.430368 0.70445
0.41411 -1.54548 -0 0.412948 0.662234
0.291076 -1.36941 -0 0.430368 0.70445
0.332659 -1.56504 -0 0.42761 0.658796
0.41411 -1.54548 -0 0.412948 0.662234
0.41411 -1.54548 -0 0.412948 0.662234
0.332659 -1.56504 -0 0.42761 0.658796
0.465874 -1.73867 -0 0.410339 0.623487
0.332659 -1.56504 -0 0.42761 0.658796
0.374241 -1.76067 -0 0.425212 0.619681
0.465874 -1.73867 -0 0.410339 0.623487
0.465874 -1.73867 -0 0.410339 0.623487
0.374241 -1.76067 -0 0.425212 0.619681
0.517638 -1.93185 -0 0.408022 0.587945
0.374241 -1.76067 -0 0.425212 0.619681
0.415823 -1.9563 -0 0.424607 0.586294
0.517638 -1.93185 -0 0.408022 0.587945
0.517638 -1.93185 -0 0.408022 0.587945
0.415823 -1.9563 -0 0.424607 0.586294
0.569402 -2.12504 -0 0.406002 0.558769
0.415823 -1.9563 -0 0.424607 0.586294
0.457406 -2.15192 -0 0.422668 0.556895
0.569402 -2.12504 -0 0.406002 0.558769
0.569402 -2.12504 -0 0.406002 0.558769
0.457406 -2.15192 -0 0.422668 0.556895
0.674007 -2.51543 0.04 0.402419 0.504164
0.457406 -2.15192 -0 0.422668 0.556895
0.541436 -2.54726 0.04 0.420689 0.501874
0.674007 -2.51543 0.04 0.402419 0.504164
0.674007 -2.51543 0.04 0.402419 0.504164
0.541436 -2.54726 0.04 0.420689 0.501874
0.725771 -2.70861 0.16 0.400848 0.464083
0.541436 -2.54726 0.04 0.420689 0.501874
0.583018 -2.74289 0.16 0.419112 0.461452
0.725771 -2.70861 0.16 0.400848 0.464083
0.725771 -2.70861 0.16 0.400848 0.464083
0.583018 -2.74289 0.16 0.419112 0.461452
0.777535 -2.9018 0.36 0.398246 0.411848
0.583018 -2.74289 0.16 0.419112 0.461452
0.624601 -2.93851 0.36 0.416384 0.408801
0.777535 -2.9018 0.36 0.398246 0.411848
0.777535 -2.9018 0.36 0.398246 0.411848
0.624601 -2.93851 0.36 0.416384 0.408801
0.829298 -3.09498 0.64 0.394989 0.351523
0.624601 -2.93851 0.36 0.416384 0.408801
0.666183 -3.13414 0.64 0.414328 0.347966
0.829298 -3.09498 0.64 0.394989 0.351523
0.829298 -3.09498 0.64 0.394989 0.351523
0.666183 -3.13414 0.64 0.414328 0.347966
0.881062 -3.28817 1 0.393092 0.281223
0.666183 -3.13414 0.64 0.414328 0.347966
0.707765 -3.32977 1 0.413264 0.279321
0.881062 -3.28817 1 0.393092 0.281223
0.881062 -3.28817 1 0.393092 0.281223
0.707765 -3.32977 1 0.413264 0.279321
0.932826 -3.48135 1.44 0.391707 0.204062
0.707765 -3.32977 1 0.413264 0.279321
0.749348 -3.5254 1.44 0.412303 0.201387
0.932826 -3.48135 1.44 0.391707 0.204062
0.932826 -3.48135 1.44 0.391707 0.204062
0.749348 -3.5254 1.44 0.412303 0.201387
0.98459 -3.67454 1.96 0.392814 0.123419
0.749348 -3.5254 1.44 0.412303 0.201387
0.79093 -3.72103 1.96 0.413188 0.121677
0.98459 -3.67454 1.96 0.392814 0.123419
0.247214 -0.760845 -0 0.423775 0.885946
0.207055 -0.772741 -0 0.434617 0.883383
0.309017 -0.951057 -0 0.415179 0.820515
0.207055 -0.772741 -0 0.434617 0.883383
0.258819 -0.965926 -0 0.426875 0.818723
0.309017 -0.951057 -0 0.415179 0.820515
0.309017 -0.951057 -0 0.415179 0.820515
0.258819 -0.965926 -0 0.426875 0.818723
0.37082 -1.14127 -0 0.407571 0.763101
0.258819 -0.965926 -0 0.426875 0.818723
0.310583 -1.15911 -0 0.421087 0.759074
0.37082 -1.14127 -0 0.407571 0.763101
0.37082 -1.14127 -0 0.407571 0.763101
0.310583 -1.15911 -0 0.421087 0.759074
0.432624 -1.33148 -0 0.401991 0.710127
0.310583 -1.15911 -0 0.421087 0.759074
0.362347 -1.3523 -0 0.416025 0.707448
0.432624 -1.33148 -0 0.401991 0.710127
0.432624 -1.33148 -0 0.401991 0.710127
0.362347 -1.3523 -0 0.416025 0.707448
0.494427 -1.52169 -0 0.39718 0.665246
0.362347 -1.3523 -0 0.416025 0.707448
0.41411 -1.54548 -0 0.412948 0.662234
0.494427 -1.52169 -0 0.39718 0.665246
0.494427 -1.52169 -0 0.39718 0.665246
0.41411 -1.54548 -0 0.412948 0.662234
0.556231 -1.7119 -0 0.394354 0.626922
0.41411 -1.54548 -0 0.412948 0.662234
0.465874 -1.73867 -0 0.410339 0.623487
0.556231 -1.7119 -0 0.394354 0.626922
0.556231 -1.7119 -0 0.394354 0.626922
0.465874 -1.73867 -0 0.410339 0.623487
0.618034 -1.90211 -0 0.391887 0.591766
0.465874 -1.73867 -0 0.410339 0.623487
0.517638 -1.93185 -0 0.408022 0.587945
0.618034 -1.90211 -0 0.391887 0.591766
0.618034 -1.90211 -0 0.391887 0.591766
0.517638 -1.93185 -0 0.408022 0.587945
0.679837 -2.09232 -0 0.389783 0.562901
0.517638 -1.93185 -0 0.408022 0.587945
0.569402 -2.12504 -0 0.406002 0.558769
0.679837 -2.09232 -0 0.389783 0.562901
0.679837 -2.09232 -0 0.389783 0.562901
0.569402 -2.12504 -0 0.406002 0.558769
0.804731 -2.47671 0.04 0.386105 0.506382
0.569402 -2.12504 -0 0.406002 0.558769
0.674007 -2.51543 0.04 0.402419 0.504164
0.804731 -2.47671 0.04 0.386105 0.506382
0.804731 -2.47671 0.04 0.386105 0.506382
0.674007 -2.51543 0.04 0.402419 0.504164
0.866534 -2.66692 0.16 0.38308 0.466684
0.674007 -2.51543 0.04 0.402419 0.504164
0.725771 -2.70861 0.16 0.400848 0.464083
0.866534 -2.66692 0.16 0.38308 0.466684
0.866534 -2.66692 0.16 0.38308 0.466684
0.725771 -2.70861 0.16 0.400848 0.464083
0.928337 -2.85713 0.36 0.379156 0.415014
0.725771 -2.70861 0.16 0.400848 0.464083
0.777535 -2.9018 0.36 0.398246 0.411848
0.928337 -2.85713 0.36 0.379156 0.415014
0.928337 -2.85713 0.36 0.379156 0.415014
0.777535 -2.9018 0.36 0.398246 0.411848
0.990141 -3.04734 0.64 0.376281 0.352926
0.777535 -2.9018 0.36 0.398246 0.411848
0.829298 -3.09498 0.64 0.394989 0.351523
0.990141 -3.04734 0.64 0.376281 0.352926
0.990141 -3.04734 0.64 0.376281 0.352926
0.829298 -3.09498 0.64 0.394989 0.351523
1.05194 -3.23755 1 0.373555 0.283519
0.829298 -3.09498 0.64 0.394989 0.351523
0.881062 -3.28817 1 0.393092 0.281223
1.05194 -3.23755 1 0.373555 0.283519
1.05194 -3.23755 1 0.373555 0.283519
0.881062 -3.28817 1 0.393092 0.281223
1.11375 -3.42776 1.44 0.371915 0.205412
0.881062 -3.28817 1 0.393092 0.281223
0.932826 -3.48135 1.44 0.391707 0.204062
1.11375 -3.42776 1.44 0.371915 0.205412
1.11375 -3.42776 1.44 0.371915 0.205412
0.932826 -3.48135 1.44 0.391707 0.204062
1.17555 -3.61797 1.96 0.371908 0.126169
0.932826 -3.48135 1.44 0.391707 0.204062
0.98459 -3.67454 1.96 0.392814 0.123419
1.17555 -3.61797 1.96 0.371908 0.126169
0.286694 -0.746864 -0 0.414485 0.889659
0.247214 -0.760845 -0 0.423775 0.885946
0.358368 -0.93358 -0 0.402682 0.82497
0.247214 -0.760845 -0 0.423775 0.885946
0.309017 -0.951057 -0 0.415179 0.820515
0.358368 -0.93358 -0 0.402682 0.82497
0.358368 -0.93358 -0 0.402682 0.82497
0.309017 -0.951057 -0 0.415179 0.820515
0.430042 -1.1203 -0 0.394408 0.766744
0.309017 -0.951057 -0 0.415179 0.820515
0.37082 -1.14127 -0 0.407571 0.763101
0.430042 -1.1203 -0 0.394408 0.766744
0.430042 -1.1203 -0 0.394408 0.766744
0.37082 -1.14127 -0 0.407571 0.763101
0.501715 -1.30701 -0 0.387049 0.71433
0.37082 -1.14127 -0 0.407571 0.763101
0.432624 -1.33148 -0 0.401991 0.710127
0.501715 -1.30701 -0 0.387049 0.71433
0.501715 -1.30701 -0 0.387049 0.71433
0.432624 -1.33148 -0 0.401991 0.710127
0.573389 -1.49373 -0 0.381955 0.670093
0.432624 -1.33148 -0 0.401991 0.710127
0.494427 -1.52169 -0 0.39718 0.665246
0.573389 -1.49373 -0 0.381955 0.670093
0.573389 -1.49373 -0 0.381955 0.670093
0.494427 -1.52169 -0 0.39718 0.665246
0.645062 -1.68044 -0 0.378824 0.630066
0.494427 -1.52169 -0 0.39718 0.665246
0.556231 -1.7119 -0 0.394354 0.626922
0.645062 -1.68044 -0 0.378824 0.630066
0.645062 -1.68044 -0 0.378824 0.630066
0.556231 -1.7119 -0 0.394354 0.626922
0.716736 -1.86716 -0 0.374808 0.595222
0.556231 -1.7119 -0 0.394354 0.626922
0.618034 -1.90211 -0 0.391887 0.591766
0.716736 -1.86716 -0 0.374808 0.595222
0.716736 -1.86716 -0 0.374808 0.595222
0.618034 -1.90211 -0 0.391887 0.591766
0.788409 -2.05388 -0 0.372623 0.566726
0.618034 -1.90211 -0 0.391887 0.591766
0.679837 -2.09232 -0 0.389783 0.562901
0.788409 -2.05388 -0 0.372623 0.566726
0.788409 -2.05388 -0 0.372623 0.566726
0.679837 -2.09232 -0 0.389783 0.562901
0.933249 -2.4312 0.04 0.368867 0.510919
0.679837 -2.09232 -0 0.389783 0.562901
0.804731 -2.47671 0.04 0.386105 0.506382
0.933249 -2.4312 0.04 0.368867 0.510919
0.933249 -2.4312 0.04 0.368867 0.510919
0.804731 -2.47671 0.04 0.386105 0.506382
1.00492 -2.61791 0.16 0.364472 0.469247
0.804731 -2.47671 0.04 0.386105 0.506382
0.866534 -2.66692 0.16 0.38308 0.466684
1.00492 -2.61791 0.16 0.364472 0.469247
1.00492 -2.61791 0.16 0.364472 0.469247
0.866534 -2.66692 0.16 0.38308 0.466684
1.0766 -2.80463 0.36 0.360731 0.418225
0.866534 -2.66692 0.16 0.38308 0.466684
0.928337 -2.85713 0.36 0.379156 0.415014
1.0766 -2.80463 0.36 0.360731 0.418225
1.0766 -2.80463 0.36 0.360731 0.418225
0.928337 -2.85713 0.36 0.379156 0.415014
1.14827 -2.99134 0.64 0.356794 0.356976
0.928337 -2.85713 0.36 0.379156 0.415014
0.990141 -3.04734 0.64 0.376281 0.352926
1.14827 -2.99134 0.64 0.356794 0.356976
1.14827 -2.99134 0.64 0.356794 0.356976
0.990141 -3.04734 0.64 0.376281 0.352926
1.21994 -3.17806 1 0.353434 0.286358
0.990141 -3.04734 0.64 0.376281 0.352926
1.05194 -3.23755 1 0.373555 0.283519
1.21994 -3.17806 1 0.353434 0.286358
1.21994 -3.17806 1 0.353434 0.286358
1.05194 -3.23755 1 0.373555 0.283519
1.29162 -3.36478 1.44 0.351505 0.209435
1.05194 -3.23755 1 0.373555 0.283519
1.11375 -3.42776 1.44 0.371915 0.205412
1.29162 -3.36478 1.44 0.351505 0.209435
1.29162 -3.36478 1.44 0.351505 0.209435
1.11375 -3.42776 1.44 0.371915 0.205412
1.36329 -3.55149 1.96 0.351876 0.129648
1.11375 -3.42776 1.44 0.371915 0.205412
1.17555 -3.61797 1.96 0.371908 0.126169
1.36329 -3.55149 1.96 0.351876 0.129648
0.325389 -0.730836 -0 0.40424 0.892872
0.286694 -0.746864 -0 0.414485 0.889659
0.406737 -0.913545 -0 0.390559 0.829
0.286694 -0.746864 -0 0.414485 0.889659
0.358368 -0.93358 -0 0.402682 0.82497
0.406737 -0.913545 -0 0.390559 0.829
0.406737 -0.913545 -0 0.390559 0.829
0.358368 -0.93358 -0 0.402682 0.82497
0.488084 -1.09625 -0 0.381623 0.770017
0.358368 -0.93358 -0 0.402682 0.82497
0.430042 -1.1203 -0 0.394408 0.766744
0.488084 -1.09625 -0 0.381623 0.770017
0.488084 -1.09625 -0 0.381623 0.770017
0.430042 -1.1203 -0 0.394408 0.766744
0.569431 -1.27896 -0 0.373922 0.718338
0.430042 -1.1203 -0 0.394408 0.766744
0.501715 -1.30701 -0 0.387049 0.71433
0.569431 -1.27896 -0 0.373922 0.718338
0.569431 -1.27896 -0 0.373922 0.718338
0.501715 -1.30701 -0 0.387049 0.71433
0.650779 -1.46167 -0 0.367241 0.674557
0.501715 -1.30701 -0 0.387049 0.71433
0.573389 -1.49373 -0 0.381955 0.670093
0.650779 -1.46167 -0 0.367241 0.674557
0.650779 -1.46167 -0 0.367241 0.674557
0.573389 -1.49373 -0 0.381955 0.670093
0.732126 -1.64438 -0 0.362537 0.634998
0.573389 -1.49373 -0 0.381955 0.670093
0.645062 -1.68044 -0 0.378824 0.630066
0.732126 -1.64438 -0 0.362537 0.634998
0.732126 -1.64438 -0 0.362537 0.634998
0.645062 -1.68044 -0 0.378824 0.630066
0.813473 -1.82709 -0 0.35842 0.600697
0.645062 -1.68044 -0 0.378824 0.630066
0.716736 -1.86716 -0 0.374808 0.595222
0.813473 -1.82709 -0 0.35842 0.600697
0.813473 -1.82709 -0 0.35842 0.600697
0.716736 -1.86716 -0 0.374808 0.595222
0.894821 -2.0098 -0 0.356082 0.570301
0.716736 -1.86716 -0 0.374808 0.595222
0.788409 -2.05388 -0 0.372623 0.566726
0.894821 -2.0098 -0 0.356082 0.570301
0.894821 -2.0098 -0 0.356082 0.570301
0.788409 -2.05388 -0 0.372623 0.566726
1.05921 -2.37902 0.04 0.350898 0.515233
0.788409 -2.05388 -0 0.372623 0.566726
0.933249 -2.4312 0.04 0.368867 0.510919
1.05921 -2.37902 0.04 0.350898 0.515233
1.05921 -2.37902 0.04 0.350898 0.515233
0.933249 -2.4312 0.04 0.368867 0.510919
1.14056 -2.56173 0.16 0.346598 0.474162
0.933249 -2.4312 0.04 0.368867 0.510919
1.00492 -2.61791 0.16 0.364472 0.469247
1.14056 -2.56173 0.16 0.346598 0.474162
1.14056 -2.56173 0.16 0.346598 0.474162
1.00492 -2.61791 0.16 0.364472 0.469247
1.2219 -2.74444 0.36 0.342999 0.423835
1.00492 -2.61791 0.16 0.364472 0.469247
1.0766 -2.80463 0.36 0.360731 0.418225
1.2219 -2.74444 0.36 0.342999 0.423835
1.2219 -2.74444 0.36 0.342999 0.423835
1.0766 -2.80463 0.36 0.360731 0.418225
1.30325 -2.92715 0.64 0.338136 0.361158
1.0766 -2.80463 0.36 0.360731 0.418225
1.14827 -2.99134 0.64 0.356794 0.356976
1.30325 -2.92715 0.64 0.338136 0.361158
1.30325 -2.92715 0.64 0.338136 0.361158
1.14827 -2.99134 0.64 0.356794 0.356976
1.3846 -3.10986 1 0.334096 0.291641
1.14827 -2.99134 0.64 0.356794 0.356976
1.21994 -3.17806 1 0.353434 0.286358
1.3846 -3.10986 1 0.334096 0.291641
1.3846 -3.10986 1 0.334096 0.291641
1.21994 -3.17806 1 0.353434 0.286358
1.46595 -3.29257 1.44 0.332041 0.213935
1.21994 -3.17806 1 0.353434 0.286358
1.29162 -3.36478 1.44 0.351505 0.209435
1.46595 -3.29257 1.44 0.332041 0.213935
1.46595 -3.29257 1.44 0.332041 0.213935
1.29162 -3.36478 1.44 0.351505 0.209435
1.54729 -3.47528 1.96 0.330807 0.132927
1.29162 -3.36478 1.44 0.351505 0.209435
1.36329 -3.55149 1.96 0.351876 0.129648
1.54729 -3.47528 1.96 0.330807 0.132927
0.363192 -0.712805 -0 0.393267 0.896743
0.325389 -0.730836 -0 0.40424 0.892872
0.453991 -0.891007 -0 0.378825 0.832624
0.325389 -0.730836 -0 0.40424 0.892872
0.406737 -0.913545 -0 0.390559 0.829
0.453991 -0.891007 -0 0.378825 0.832624
0.453991 -0.891007 -0 0.378825 0.832624
0.406737 -0.913545 -0 0.390559 0.829
0.544789 -1.06921 -0 0.368133 0.774439
0.406737 -0.913545 -0 0.390559 0.829
0.488084 -1.09625 -0 0.381623 0.770017
0.544789 -1.06921 -0 0.368133 0.774439
0.544789 -1.06921 -0 0.368133 0.774439
0.488084 -1.09625 -0 0.381623 0.770017
0.635587 -1.24741 -0 0.3588 0.723474
0.488084 -1.09625 -0 0.381623 0.770017
0.569431 -1.27896 -0 0.373922 0.718338
0.635587 -1.24741 -0 0.3588 0.723474
0.635587 -1.24741 -0 0.3588 0.723474
0.569431 -1.27896 -0 0.373922 0.718338
0.726385 -1.42561 -0 0.353067 0.678652
0.569431 -1.27896 -0 0.373922 0.718338
0.650779 -1.46167 -0 0.367241 0.674557
0.726385 -1.42561 -0 0.353067 0.678652
0.726385 -1.42561 -0 0.353067 0.678652
0.650779 -1.46167 -0 0.367241 0.674557
0.817183 -1.60381 -0 0.346908 0.639542
0.650779 -1.46167 -0 0.367241 0.674557
0.732126 -1.64438 -0 0.362537 0.634998
0.817183 -1.60381 -0 0.346908 0.639542
0.817183 -1.60381 -0 0.346908 0.639542
0.732126 -1.64438 -0 0.362537 0.634998
0.907981 -1.78201 -0 0.342707 0.605816
0.732126 -1.64438 -0 0.362537 0.634998
0.813473 -1.82709 -0 0.35842 0.600697
0.907981 -1.78201 -0 0.342707 0.605816
0.907981 -1.78201 -0 0.342707 0.605816
0.813473 -1.82709 -0 0.35842 0.600697
0.998779 -1.96021 -0 0.340277 0.575942
0.813473 -1.82709 -0 0.35842 0.600697
0.894821 -2.0098 -0 0.356082 0.570301
0.998779 -1.96021 -0 0.340277 0.575942
0.998779 -1.96021 -0 0.340277 0.575942
0.894821 -2.0098 -0 0.356082 0.570301
1.18227 -2.32033 0.04 0.333752 0.521707
0.894821 -2.0098 -0 0.356082 0.570301
1.05921 -2.37902 0.04 0.350898 0.515233
1.18227 -2.32033 0.04 0.333752 0.521707
1.18227 -2.32033 0.04 0.333752 0.521707
1.05921 -2.37902 0.04 0.350898 0.515233
1.27306 -2.49853 0.16 0.329516 0.478927
1.05921 -2.37902 0.04 0.350898 0.515233
1.14056 -2.56173 0.16 0.346598 0.474162
1.27306 -2.49853 0.16 0.329516 0.478927
1.27306 -2.49853 0.16 0.329516 0.478927
1.14056 -2.56173 0.16 0.346598 0.474162
1.36386 -2.67673 0.36 0.324786 0.429429
1.14056 -2.56173 0.16 0.346598 0.474162
1.2219 -2.74444 0.36 0.342999 0.423835
1.36386 -2.67673 0.36 0.324786 0.429429
1.36386 -2.67673 0.36 0.324786 0.429429
1.2219 -2.74444 0.36 0.342999 0.423835
1.45466 -2.85493 0.64 0.319046 0.367824
1.2219 -2.74444 0.36 0.342999 0.423835
1.30325 -2.92715 0.64 0.338136 0.361158
1.45466 -2.85493 0.64 0.319046 0.367824
1.45466 -2.85493 0.64 0.319046 0.367824
1.30325 -2.92715 0.64 0.338136 0.361158
1.54546 -3.03313 1 0.314684 0.295281
1.30325 -2.92715 0.64 0.338136 0.361158
1.3846 -3.10986 1 0.334096 0.291641
1.54546 -3.03313 1 0.314684 0.295281
1.54546 -3.03313 1 0.314684 0.295281
1.3846 -3.10986 1 0.334096 0.291641
1.63626 -3.21133 1.44 0.311547 0.217629
1.3846 -3.10986 1 0.334096 0.291641
1.46595 -3.29257 1.44 0.332041 0.213935
1.63626 -3.21133 1.44 0.311547 0.217629
1.63626 -3.21133 1.44 0.311547 0.217629
1.46595 -3.29257 1.44 0.332041 0.213935
1.72705 -3.38953 1.96 0.31102 0.136872
1.46595 -3.29257 1.44 0.332041 0.213935
1.54729 -3.47528 1.96 0.330807 0.132927
1.72705 -3.38953 1.96 0.31102 0.136872
0.4 -0.69282 -0 0.383958 0.901669
0.363192 -0.712805 -0 0.393267 0.896743
0.5 -0.866025 -0 0.36767 0.837345
0.363192 -0.712805 -0 0.393267 0.896743
0.453991 -0.891007 -0 0.378825 0.832624
0.5 -0.866025 -0 0.36767 0.837345
0.5 -0.866025 -0 0.36767 0.837345
0.453991 -0.891007 -0 0.378825 0.832624
0.6 -1.03923 -0 0.355345 0.780127
0.453991 -0.891007 -0 0.378825 0.832624
0.544789 -1.06921 -0 0.368133 0.774439
0.6 -1.03923 -0 0.355345 0.780127
0.6 -1.03923 -0 0.355345 0.780127
0.544789 -1.06921 -0 0.368133 0.774439
0.7 -1.21244 -0 0.345739 0.730276
0.544789 -1.06921 -0 0.368133 0.774439
0.635587 -1.24741 -0 0.3588 0.723474
0.7 -1.21244 -0 0.345739 0.730276
0.7 -1.21244 -0 0.345739 0.730276
0.635587 -1.24741 -0 0.3588 0.723474
0.8 -1.38564 -0 0.338354 0.684198
0.635587 -1.24741 -0 0.3588 0.723474
0.726385 -1.42561 -0 0.353067 0.678652
0.8 -1.38564 -0 0.338354 0.684198
0.8 -1.38564 -0 0.338354 0.684198
0.726385 -1.42561 -0 0.353067 0.678652
0.9 -1.55885 -0 0.332093 0.645854
0.726385 -1.42561 -0 0.353067 0.678652
0.817183 -1.60381 -0 0.346908 0.639542
0.9 -1.55885 -0 0.332093 0.645854
0.9 -1.55885 -0 0.332093 0.645854
0.817183 -1.60381 -0 0.346908 0.639542
1 -1.73205 -0 0.327802 0.612799
0.817183 -1.60381 -0 0.346908 0.639542
0.907981 -1.78201 -0 0.342707 0.605816
1 -1.73205 -0 0.327802 0.612799
1 -1.73205 -0 0.327802 0.612799
0.907981 -1.78201 -0 0.342707 0.605816
1.1 -1.90526 -0 0.324022 0.583382
0.907981 -1.78201 -0 0.342707 0.605816
0.998779 -1.96021 -0 0.340277 0.575942
1.1 -1.90526 -0 0.324022 0.583382
1.1 -1.90526 -0 0.324022 0.583382
0.998779 -1.96021 -0 0.340277 0.575942
1.30208 -2.25527 0.04 0.317401 0.52556
0.998779 -1.96021 -0 0.340277 0.575942
1.18227 -2.32033 0.04 0.333752 0.521707
1.30208 -2.25527 0.04 0.317401 0.52556
1.30208 -2.25527 0.04 0.317401 0.52556
1.18227 -2.32033 0.04 0.333752 0.521707
1.40208 -2.42848 0.16 0.312052 0.48584
1.18227 -2.32033 0.04 0.333752 0.521707
1.27306 -2.49853 0.16 0.329516 0.478927
1.40208 -2.42848 0.16 0.312052 0.48584
1.40208 -2.42848 0.16 0.312052 0.48584
1.27306 -2.49853 0.16 0.329516 0.478927
1.50208 -2.60168 0.36 0.30633 0.434965
1.27306 -2.49853 0.16 0.329516 0.478927
1.36386 -2.67673 0.36 0.324786 0.429429
1.50208 -2.60168 0.36 0.30633 0.434965
1.50208 -2.60168 0.36 0.30633 0.434965
1.36386 -2.67673 0.36 0.324786 0.429429
1.60208 -2.77489 0.64 0.299952 0.372397
1.36386 -2.67673 0.36 0.324786 0.429429
1.45466 -2.85493 0.64 0.319046 0.367824
1.60208 -2.77489 0.64 0.299952 0.372397
1.60208 -2.77489 0.64 0.299952 0.372397
1.45466 -2.85493 0.64 0.319046 0.367824
1.70208 -2.94809 1 0.295166 0.301441
1.45466 -2.85493 0.64 0.319046 0.367824
1.54546 -3.03313 1 0.314684 0.295281
1.70208 -2.94809 1 0.295166 0.301441
1.70208 -2.94809 1 0.295166 0.301441
1.54546 -3.03313 1 0.314684 0.295281
1.80208 -3.1213 1.44 0.29218 0.223542
1.54546 -3.03313 1 0.314684 0.295281
1.63626 -3.21133 1.44 0.311547 0.217629
1.80208 -3.1213 1.44 0.29218 0.223542
1.80208 -3.1213 1.44 0.29218 0.223542
1.63626 -3.21133 1.44 0.311547 0.217629
1.90208 -3.2945 1.96 0.290855 0.140678
1.63626 -3.21133 1.44 0.311547 0.217629
1.72705 -3.38953 1.96 0.31102 0.136872
1.90208 -3.2945 1.96 0.290855 0.140678
