2.66876 -1.18821 0.64 0.681738 0.395822
2.60292 -1.32625 0.64 0.700718 0.401931
2.85147 -1.26956 1 0.686047 0.315889
2.60292 -1.32625 0.64 0.700718 0.401931
2.78112 -1.41705 1 0.706039 0.322063
2.85147 -1.26956 1 0.686047 0.315889
2.85147 -1.26956 1 0.686047 0.315889
2.78112 -1.41705 1 0.706039 0.322063
3.03418 -1.3509 1.44 0.689855 0.231084
2.78112 -1.41705 1 0.706039 0.322063
2.95932 -1.50785 1.44 0.709999 0.236281
3.03418 -1.3509 1.44 0.689855 0.231084
3.03418 -1.3509 1.44 0.689855 0.231084
2.95932 -1.50785 1.44 0.709999 0.236281
3.21689 -1.43225 1.96 0.690193 0.142381
2.95932 -1.50785 1.44 0.709999 0.236281
3.13752 -1.59865 1.96 0.710374 0.146539
3.21689 -1.43225 1.96 0.690193 0.142381
0.746864 -0.286694 -0 0.603611 0.913465
0.730836 -0.325389 -0 0.612655 0.91783
0.93358 -0.358368 -0 0.614413 0.848887
1.1203 -0.430042 -0 0.623921 0.789401
1.09625 -0.488084 -0 0.637183 0.794244
1.30701 -0.501715 -0 0.631066 0.737144
1.09625 -0.488084 -0 0.637183 0.794244
1.27896 -0.569431 -0 0.644668 0.743008
1.30701 -0.501715 -0 0.631066 0.737144
1.30701 -0.501715 -0 0.631066 0.737144
1.27896 -0.569431 -0 0.644668 0.743008
1.49373 -0.573389 -0 0.636086 0.691179
1.27896 -0.569431 -0 0.644668 0.743008
1.46167 -0.650779 -0 0.651146 0.696007
1.49373 -0.573389 -0 0.636086 0.691179
1.49373 -0.573389 -0 0.636086 0.691179
1.46167 -0.650779 -0 0.651146 0.696007
1.68044 -0.645062 -0 0.64026 0.651918
1.46167 -0.650779 -0 0.651146 0.696007
1.64438 -0.732126 -0 0.655481 0.657453
1.68044 -0.645062 -0 0.64026 0.651918
1.68044 -0.645062 -0 0.64026 0.651918
1.64438 -0.732126 -0 0.655481 0.657453
2.16714 -0.831887 0.04 0.647538 0.563235
1.64438 -0.732126 -0 0.655481 0.657453
2.12063 -0.944166 0.04 0.664138 0.568273
2.16714 -0.831887 0.04 0.647538 0.563235
2.16714 -0.831887 0.04 0.647538 0.563235
2.12063 -0.944166 0.04 0.664138 0.568273
2.35386 -0.90356 0.16 0.652589 0.516578
2.12063 -0.944166 0.04 0.664138 0.568273
2.30334 -1.02551 0.16 0.670195 0.522344
2.35386 -0.90356 0.16 0.652589 0.516578
2.35386 -0.90356 0.16 0.652589 0.516578
2.30334 -1.02551 0.16 0.670195 0.522344
2.54057 -0.975234 0.36 0.65791 0.460113
2.30334 -1.02551 0.16 0.670195 0.522344
2.48605 -1.10686 0.36 0.675312 0.46481
2.54057 -0.975234 0.36 0.65791 0.460113
2.54057 -0.975234 0.36 0.65791 0.460113
2.48605 -1.10686 0.36 0.675312 0.46481
2.72729 -1.04691 0.64 0.662639 0.389836
2.48605 -1.10686 0.36 0.675312 0.46481
2.66876 -1.18821 0.64 0.681738 0.395822
2.72729 -1.04691 0.64 0.662639 0.389836
2.72729 -1.04691 0.64 0.662639 0.389836
2.66876 -1.18821 0.64 0.681738 0.395822
2.914 -1.11858 1 0.66689 0.31207
2.66876 -1.18821 0.64 0.681738 0.395822
2.85147 -1.26956 1 0.686047 0.315889
2.914 -1.11858 1 0.66689 0.31207
2.914 -1.11858 1 0.66689 0.31207
2.85147 -1.26956 1 0.686047 0.315889
3.10072 -1.19025 1.44 0.669048 0.225109
2.85147 -1.26956 1 0.686047 0.315889
3.03418 -1.3509 1.44 0.689855 0.231084
3.10072 -1.19025 1.44 0.669048 0.225109
3.10072 -1.19025 1.44 0.669048 0.225109
3.03418 -1.3509 1.44 0.689855 0.231084
3.28744 -1.26193 1.96 0.669997 0.138329
3.03418 -1.3509 1.44 0.689855 0.231084
3.21689 -1.43225 1.96 0.690193 0.142381
3.28744 -1.26193 1.96 0.669997 0.138329
0.760845 -0.247214 -0 0.593154 0.910047
0.746864 -0.286694 -0 0.603611 0.913465
0.951057 -0.309017 -0 0.603316 0.844321
0.746864 -0.286694 -0 0.603611 0.913465
0.93358 -0.358368 -0 0.614413 0.848887
0.951057 -0.309017 -0 0.603316 0.844321
0.951057 -0.309017 -0 0.603316 0.844321
0.93358 -0.358368 -0 0.614413 0.848887
1.14127 -0.37082 -0 0.611145 0.785473
0.93358 -0.358368 -0 0.614413 0.848887
1.1203 -0.430042 -0 0.623921 0.789401
1.14127 -0.37082 -0 0.611145 0.785473
1.14127 -0.37082 -0 0.611145 0.785473
1.1203 -0.430042 -0 0.623921 0.789401
1.33148 -0.432624 -0 0.616803 0.732535
1.1203 -0.430042 -0 0.623921 0.789401
1.30701 -0.501715 -0 0.631066 0.737144
1.33148 -0.432624 -0 0.616803 0.732535
1.33148 -0.432624 -0 0.616803 0.732535
1.30701 -0.501715 -0 0.631066 0.737144
1.52169 -0.494427 -0 0.621465 0.687631
1.30701 -0.501715 -0 0.631066 0.737144
1.49373 -0.573389 -0 0.636086 0.691179
1.52169 -0.494427 -0 0.621465 0.687631
1.52169 -0.494427 -0 0.621465 0.687631
1.49373 -0.573389 -0 0.636086 0.691179
1.7119 -0.556231 -0 0.624308 0.647914
1.49373 -0.573389 -0 0.636086 0.691179
1.68044 -0.645062 -0 0.64026 0.651918
1.7119 -0.556231 -0 0.624308 0.647914
1.7119 -0.556231 -0 0.624308 0.647914
1.68044 -0.645062 -0 0.64026 0.651918
2.20771 -0.717327 0.04 0.631366 0.557886
1.68044 -0.645062 -0 0.64026 0.651918
2.16714 -0.831887 0.04 0.647538 0.563235
2.20771 -0.717327 0.04 0.631366 0.557886
2.20771 -0.717327 0.04 0.631366 0.557886
2.16714 -0.831887 0.04 0.647538 0.563235
2.39792 -0.779131 0.16 0.635294 0.512648
2.16714 -0.831887 0.04 0.647538 0.563235
2.35386 -0.90356 0.16 0.652589 0.516578
2.39792 -0.779131 0.16 0.635294 0.512648
2.39792 -0.779131 0.16 0.635294 0.512648
2.35386 -0.90356 0.16 0.652589 0.516578
2.58813 -0.840934 0.36 0.639656 0.455349
2.35386 -0.90356 0.16 0.652589 0.516578
2.54057 -0.975234 0.36 0.65791 0.460113
2.58813 -0.840934 0.36 0.639656 0.455349
2.58813 -0.840934 0.36 0.639656 0.455349
2.54057 -0.975234 0.36 0.65791 0.460113
2.77834 -0.902738 0.64 0.643708 0.385965
2.54057 -0.975234 0.36 0.65791 0.460113
2.72729 -1.04691 0.64 0.662639 0.389836
2.77834 -0.902738 0.64 0.643708 0.385965
2.77834 -0.902738 0.64 0.643708 0.385965
2.72729 -1.04691 0.64 0.662639 0.389836
2.96855 -0.964541 1 0.646519 0.306784
2.72729 -1.04691 0.64 0.662639 0.389836
2.914 -1.11858 1 0.66689 0.31207
2.96855 -0.964541 1 0.646519 0.306784
2.96855 -0.964541 1 0.646519 0.306784
2.914 -1.11858 1 0.66689 0.31207
3.15876 -1.02634 1.44 0.649156 0.221633
2.914 -1.11858 1 0.66689 0.31207
3.10072 -1.19025 1.44 0.669048 0.225109
3.15876 -1.02634 1.44 0.649156 0.221633
3.15876 -1.02634 1.44 0.649156 0.221633
3.10072 -1.19025 1.44 0.669048 0.225109
3.34897 -1.08815 1.96 0.649217 0.134074
3.10072 -1.19025 1.44 0.669048 0.225109
3.28744 -1.26193 1.96 0.669997 0.138329
3.34897 -1.08815 1.96 0.649217 0.134074
0.772741 -0.207055 -0 0.582301 0.9074
0.760845 -0.247214 -0 0.593154 0.910047
0.965926 -0.258819 -0 0.590571 0.842282
0.760845 -0.247214 -0 0.593154 0.910047
0.951057 -0.309017 -0 0.603316 0.844321
0.965926 -0.258819 -0 0.590571 0.842282
0.965926 -0.258819 -0 0.590571 0.842282
0.951057 -0.309017 -0 0.603316 0.844321
1.15911 -0.310583 -0 0.597861 0.782742
0.951057 -0.309017 -0 0.603316 0.844321
1.14127 -0.37082 -0 0.611145 0.785473
1.15911 -0.310583 -0 0.597861 0.782742
1.15911 -0.310583 -0 0.597861 0.782742
1.14127 -0.37082 -0 0.611145 0.785473
1.3523 -0.362347 -0 0.601946 0.729258
1.14127 -0.37082 -0 0.611145 0.785473
1.33148 -0.432624 -0 0.616803 0.732535
1.3523 -0.362347 -0 0.601946 0.729258
1.3523 -0.362347 -0 0.601946 0.729258
1.33148 -0.432624 -0 0.616803 0.732535
1.54548 -0.41411 -0 0.606337 0.683747
1.33148 -0.432624 -0 0.616803 0.732535
1.52169 -0.494427 -0 0.621465 0.687631
1.54548 -0.41411 -0 0.606337 0.683747
1.54548 -0.41411 -0 0.606337 0.683747
1.52169 -0.494427 -0 0.621465 0.687631
1.73867 -0.465874 -0 0.608971 0.643473
1.52169 -0.494427 -0 0.621465 0.687631
1.7119 -0.556231 -0 0.624308 0.647914
1.73867 -0.465874 -0 0.608971 0.643473
1.73867 -0.465874 -0 0.608971 0.643473
1.7119 -0.556231 -0 0.624308 0.647914
2.24222 -0.600802 0.04 0.614549 0.554375
1.7119 -0.556231 -0 0.624308 0.647914
2.20771 -0.717327 0.04 0.631366 0.557886
2.24222 -0.600802 0.04 0.614549 0.554375
2.24222 -0.600802 0.04 0.614549 0.554375
2.20771 -0.717327 0.04 0.631366 0.557886
2.43541 -0.652566 0.16 0.617293 0.508594
2.20771 -0.717327 0.04 0.631366 0.557886
2.39792 -0.779131 0.16 0.635294 0.512648
2.43541 -0.652566 0.16 0.617293 0.508594
2.43541 -0.652566 0.16 0.617293 0.508594
2.39792 -0.779131 0.16 0.635294 0.512648
2.62859 -0.70433 0.36 0.620604 0.450553
2.39792 -0.779131 0.16 0.635294 0.512648
2.58813 -0.840934 0.36 0.639656 0.455349
2.62859 -0.70433 0.36 0.620604 0.450553
2.62859 -0.70433 0.36 0.620604 0.450553
2.58813 -0.840934 0.36 0.639656 0.455349
2.82178 -0.756093 0.64 0.6239 0.382245
2.58813 -0.840934 0.36 0.639656 0.455349
2.77834 -0.902738 0.64 0.643708 0.385965
2.82178 -0.756093 0.64 0.6239 0.382245
2.82178 -0.756093 0.64 0.6239 0.382245
2.77834 -0.902738 0.64 0.643708 0.385965
3.01496 -0.807857 1 0.627518 0.303947
2.77834 -0.902738 0.64 0.643708 0.385965
2.96855 -0.964541 1 0.646519 0.306784
3.01496 -0.807857 1 0.627518 0.303947
3.01496 -0.807857 1 0.627518 0.303947
2.96855 -0.964541 1 0.646519 0.306784
3.20815 -0.859621 1.44 0.628217 0.218723
2.96855 -0.964541 1 0.646519 0.306784
3.15876 -1.02634 1.44 0.649156 0.221633
3.20815 -0.859621 1.44 0.628217 0.218723
3.20815 -0.859621 1.44 0.628217 0.218723
3.15876 -1.02634 1.44 0.649156 0.221633
3.40133 -0.911385 1.96 0.628258 0.130846
3.15876 -1.02634 1.44 0.649156 0.221633
3.34897 -1.08815 1.96 0.649217 0.134074
3.40133 -0.911385 1.96 0.628258 0.130846
0.782518 -0.166329 -0 0.572155 0.905429
0.772741 -0.207055 -0 0.582301 0.9074
0.978148 -0.207912 -0 0.578629 0.839747
0.772741 -0.207055 -0 0.582301 0.9074
0.965926 -0.258819 -0 0.590571 0.842282
0.978148 -0.207912 -0 0.578629 0.839747
0.978148 -0.207912 -0 0.578629 0.839747
0.965926 -0.258819 -0 0.590571 0.842282
1.17378 -0.249494 -0 0.584218 0.779656
0.965926 -0.258819 -0 0.590571 0.842282
1.15911 -0.310583 -0 0.597861 0.782742
1.17378 -0.249494 -0 0.584218 0.779656
1.17378 -0.249494 -0 0.584218 0.779656
1.15911 -0.310583 -0 0.597861 0.782742
1.36941 -0.291076 -0 0.587781 0.727256
1.15911 -0.310583 -0 0.597861 0.782742
1.3523 -0.362347 -0 0.601946 0.729258
1.36941 -0.291076 -0 0.587781 0.727256
1.36941 -0.291076 -0 0.587781 0.727256
1.3523 -0.362347 -0 0.601946 0.729258
1.56504 -0.332659 -0 0.59068 0.681408
1.3523 -0.362347 -0 0.601946 0.729258
1.54548 -0.41411 -0 0.606337 0.683747
1.56504 -0.332659 -0 0.59068 0.681408
1.56504 -0.332659 -0 0.59068 0.681408
1.54548 -0.41411 -0 0.606337 0.683747
1.76067 -0.374241 -0 0.593102 0.640703
1.54548 -0.41411 -0 0.606337 0.683747
1.73867 -0.465874 -0 0.608971 0.643473
1.76067 -0.374241 -0 0.593102 0.640703
1.76067 -0.374241 -0 0.593102 0.640703
1.73867 -0.465874 -0 0.608971 0.643473
2.27059 -0.48263 0.04 0.597156 0.552788
1.73867 -0.465874 -0 0.608971 0.643473
2.24222 -0.600802 0.04 0.614549 0.554375
2.27059 -0.48263 0.04 0.597156 0.552788
2.27059 -0.48263 0.04 0.597156 0.552788
2.24222 -0.600802 0.04 0.614549 0.554375
2.46622 -0.524212 0.16 0.599913 0.504434
2.24222 -0.600802 0.04 0.614549 0.554375
2.43541 -0.652566 0.16 0.617293 0.508594
2.46622 -0.524212 0.16 0.599913 0.504434
2.46622 -0.524212 0.16 0.599913 0.504434
2.43541 -0.652566 0.16 0.617293 0.508594
2.66185 -0.565794 0.36 0.602111 0.447878
2.43541 -0.652566 0.16 0.617293 0.508594
2.62859 -0.70433 0.36 0.620604 0.450553
2.66185 -0.565794 0.36 0.602111 0.447878
2.66185 -0.565794 0.36 0.602111 0.447878
2.62859 -0.70433 0.36 0.620604 0.450553
2.85748 -0.607377 0.64 0.604529 0.378812
2.62859 -0.70433 0.36 0.620604 0.450553
2.82178 -0.756093 0.64 0.6239 0.382245
2.85748 -0.607377 0.64 0.604529 0.378812
2.85748 -0.607377 0.64 0.604529 0.378812
2.82178 -0.756093 0.64 0.6239 0.382245
3.05311 -0.648959 1 0.606488 0.299545
2.82178 -0.756093 0.64 0.6239 0.382245
3.01496 -0.807857 1 0.627518 0.303947
3.05311 -0.648959 1 0.606488 0.299545
3.05311 -0.648959 1 0.606488 0.299545
3.01496 -0.807857 1 0.627518 0.303947
3.24874 -0.690541 1.44 0.60733 0.215117
3.01496 -0.807857 1 0.627518 0.303947
3.20815 -0.859621 1.44 0.628217 0.218723
3.24874 -0.690541 1.44 0.60733 0.215117
3.24874 -0.690541 1.44 0.60733 0.215117
3.20815 -0.859621 1.44 0.628217 0.218723
3.44437 -0.732124 1.96 0.607328 0.128674
3.20815 -0.859621 1.44 0.628217 0.218723
3.40133 -0.911385 1.96 0.628258 0.130846
3.44437 -0.732124 1.96 0.607328 0.128674
0.790151 -0.125148 -0 0.561757 0.904336
0.782518 -0.166329 -0 0.572155 0.905429
0.987688 -0.156434 -0 0.566366 0.83829
0.782518 -0.166329 -0 0.572155 0.905429
0.978148 -0.207912 -0 0.578629 0.839747
0.987688 -0.156434 -0 0.566366 0.83829
0.987688 -0.156434 -0 0.566366 0.83829
0.978148 -0.207912 -0 0.578629 0.839747
1.18523 -0.187721 -0 0.570184 0.777823
0.978148 -0.207912 -0 0.578629 0.839747
1.17378 -0.249494 -0 0.584218 0.779656
1.18523 -0.187721 -0 0.570184 0.777823
1.18523 -0.187721 -0 0.570184 0.777823
1.17378 -0.249494 -0 0.584218 0.779656
1.38276 -0.219008 -0 0.573295 0.724951
1.17378 -0.249494 -0 0.584218 0.779656
1.36941 -0.291076 -0 0.587781 0.727256
1.38276 -0.219008 -0 0.573295 0.724951
1.38276 -0.219008 -0 0.573295 0.724951
1.36941 -0.291076 -0 0.587781 0.727256
1.5803 -0.250295 -0 0.575884 0.678682
1.36941 -0.291076 -0 0.587781 0.727256
1.56504 -0.332659 -0 0.59068 0.681408
1.5803 -0.250295 -0 0.575884 0.678682
1.5803 -0.250295 -0 0.575884 0.678682
1.56504 -0.332659 -0 0.59068 0.681408
1.77784 -0.281582 -0 0.576825 0.63767
1.56504 -0.332659 -0 0.59068 0.681408
1.76067 -0.374241 -0 0.593102 0.640703
1.77784 -0.281582 -0 0.576825 0.63767
1.77784 -0.281582 -0 0.576825 0.63767
1.76067 -0.374241 -0 0.593102 0.640703
2.29274 -0.363135 0.04 0.579301 0.54897
1.76067 -0.374241 -0 0.593102 0.640703
2.27059 -0.48263 0.04 0.597156 0.552788
2.29274 -0.363135 0.04 0.579301 0.54897
2.29274 -0.363135 0.04 0.579301 0.54897
2.27059 -0.48263 0.04 0.597156 0.552788
2.49028 -0.394421 0.16 0.582045 0.502318
2.27059 -0.48263 0.04 0.597156 0.552788
2.46622 -0.524212 0.16 0.599913 0.504434
2.49028 -0.394421 0.16 0.582045 0.502318
2.49028 -0.394421 0.16 0.582045 0.502318
2.46622 -0.524212 0.16 0.599913 0.504434
2.68782 -0.425708 0.36 0.583065 0.445272
2.46622 -0.524212 0.16 0.599913 0.504434
2.66185 -0.565794 0.36 0.602111 0.447878
2.68782 -0.425708 0.36 0.583065 0.445272
2.68782 -0.425708 0.36 0.583065 0.445272
2.66185 -0.565794 0.36 0.602111 0.447878
2.88535 -0.456995 0.64 0.585814 0.375671
2.66185 -0.565794 0.36 0.602111 0.447878
2.85748 -0.607377 0.64 0.604529 0.378812
2.88535 -0.456995 0.64 0.585814 0.375671
2.88535 -0.456995 0.64 0.585814 0.375671
2.85748 -0.607377 0.64 0.604529 0.378812
3.08289 -0.488282 1 0.586042 0.297523
2.85748 -0.607377 0.64 0.604529 0.378812
3.05311 -0.648959 1 0.606488 0.299545
3.08289 -0.488282 1 0.586042 0.297523
3.08289 -0.488282 1 0.586042 0.297523
3.05311 -0.648959 1 0.606488 0.299545
3.28043 -0.519569 1.44 0.586963 0.213864
3.05311 -0.648959 1 0.606488 0.299545
3.24874 -0.690541 1.44 0.60733 0.215117
3.28043 -0.519569 1.44 0.586963 0.213864
3.28043 -0.519569 1.44 0.586963 0.213864
3.24874 -0.690541 1.44 0.60733 0.215117
3.47797 -0.550856 1.96 0.586544 0.126329
3.24874 -0.690541 1.44 0.60733 0.215117
3.44437 -0.732124 1.96 0.607328 0.128674
3.47797 -0.550856 1.96 0.586544 0.126329
0.795618 -0.0836228 -0 0.551216 0.90299
0.790151 -0.125148 -0 0.561757 0.904336
0.994522 -0.104528 -0 0.553905 0.836525
0.790151 -0.125148 -0 0.561757 0.904336
0.987688 -0.156434 -0 0.566366 0.83829
0.994522 -0.104528 -0 0.553905 0.836525
0.994522 -0.104528 -0 0.553905 0.836525
0.987688 -0.156434 -0 0.566366 0.83829
1.19343 -0.125434 -0 0.557101 0.775569
0.987688 -0.156434 -0 0.566366 0.83829
1.18523 -0.187721 -0 0.570184 0.777823
1.19343 -0.125434 -0 0.557101 0.775569
1.19343 -0.125434 -0 0.557101 0.775569
1.18523 -0.187721 -0 0.570184 0.777823
1.39233 -0.14634 -0 0.558489 0.724132
1.18523 -0.187721 -0 0.570184 0.777823
1.38276 -0.219008 -0 0.573295 0.724951
1.39233 -0.14634 -0 0.558489 0.724132
1.39233 -0.14634 -0 0.558489 0.724132
1.38276 -0.219008 -0 0.573295 0.724951
1.59124 -0.167246 -0 0.559487 0.677664
1.38276 -0.219008 -0 0.573295 0.724951
1.5803 -0.250295 -0 0.575884 0.678682
1.59124 -0.167246 -0 0.559487 0.677664
1.59124 -0.167246 -0 0.559487 0.677664
1.5803 -0.250295 -0 0.575884 0.678682
1.79014 -0.188151 -0 0.561469 0.636337
1.5803 -0.250295 -0 0.575884 0.678682
1.77784 -0.281582 -0 0.576825 0.63767
1.79014 -0.188151 -0 0.561469 0.636337
1.79014 -0.188151 -0 0.561469 0.636337
1.77784 -0.281582 -0 0.576825 0.63767
2.3086 -0.242644 0.04 0.562352 0.547113
1.77784 -0.281582 -0 0.576825 0.63767
2.29274 -0.363135 0.04 0.579301 0.54897
2.3086 -0.242644 0.04 0.562352 0.547113
2.3086 -0.242644 0.04 0.562352 0.547113
2.29274 -0.363135 0.04 0.579301 0.54897
2.50751 -0.26355 0.16 0.563778 0.502312
2.29274 -0.363135 0.04 0.579301 0.54897
2.49028 -0.394421 0.16 0.582045 0.502318
2.50751 -0.26355 0.16 0.563778 0.502312
2.50751 -0.26355 0.16 0.563778 0.502312
2.49028 -0.394421 0.16 0.582045 0.502318
2.70641 -0.284455 0.36 0.564879 0.442783
2.49028 -0.394421 0.16 0.582045 0.502318
2.68782 -0.425708 0.36 0.583065 0.445272
2.70641 -0.284455 0.36 0.564879 0.442783
2.70641 -0.284455 0.36 0.564879 0.442783
2.68782 -0.425708 0.36 0.583065 0.445272
2.90532 -0.305361 0.64 0.565412 0.374718
2.68782 -0.425708 0.36 0.583065 0.445272
2.88535 -0.456995 0.64 0.585814 0.375671
2.90532 -0.305361 0.64 0.565412 0.374718
2.90532 -0.305361 0.64 0.565412 0.374718
2.88535 -0.456995 0.64 0.585814 0.375671
3.10422 -0.326267 1 0.566307 0.296065
2.88535 -0.456995 0.64 0.585814 0.375671
3.08289 -0.488282 1 0.586042 0.297523
3.10422 -0.326267 1 0.566307 0.296065
3.10422 -0.326267 1 0.566307 0.296065
3.08289 -0.488282 1 0.586042 0.297523
3.30313 -0.347172 1.44 0.565962 0.211741
3.08289 -0.488282 1 0.586042 0.297523
3.28043 -0.519569 1.44 0.586963 0.213864
3.30313 -0.347172 1.44 0.565962 0.211741
3.30313 -0.347172 1.44 0.565962 0.211741
3.28043 -0.519569 1.44 0.586963 0.213864
3.50203 -0.368078 1.96 0.56525 0.12609
3.28043 -0.519569 1.44 0.586963 0.213864
3.47797 -0.550856 1.96 0.586544 0.126329
3.50203 -0.368078 1.96 0.56525 0.12609
0.798904 -0.0418688 -0 0.540511 0.902542
0.795618 -0.0836228 -0 0.551216 0.90299
0.99863 -0.052336 -0 0.542401 0.835809
0.795618 -0.0836228 -0 0.551216 0.90299
0.994522 -0.104528 -0 0.553905 0.836525
0.99863 -0.052336 -0 0.542401 0.835809
0.99863 -0.052336 -0 0.542401 0.835809
0.994522 -0.104528 -0 0.553905 0.836525
1.19836 -0.0628031 -0 0.542547 0.776348
0.994522 -0.104528 -0 0.553905 0.836525
1.19343 -0.125434 -0 0.557101 0.775569
1.19836 -0.0628031 -0 0.542547 0.776348
1.19836 -0.0628031 -0 0.542547 0.776348
1.19343 -0.125434 -0 0.557101 0.775569
1.39808 -0.0732703 -0 0.543486 0.723019
1.19343 -0.125434 -0 0.557101 0.775569
1.39233 -0.14634 -0 0.558489 0.724132
1.39808 -0.0732703 -0 0.543486 0.723019
1.39808 -0.0732703 -0 0.543486 0.723019
1.39233 -0.14634 -0 0.558489 0.724132
1.59781 -0.0837375 -0 0.544138 0.676317
1.39233 -0.14634 -0 0.558489 0.724132
1.59124 -0.167246 -0 0.559487 0.677664
1.59781 -0.0837375 -0 0.544138 0.676317
1.59781 -0.0837375 -0 0.544138 0.676317
1.59124 -0.167246 -0 0.559487 0.677664
1.79753 -0.0942047 -0 0.544568 0.636848
1.59124 -0.167246 -0 0.559487 0.677664
1.79014 -0.188151 -0 0.561469 0.636337
1.79753 -0.0942047 -0 0.544568 0.636848
1.79753 -0.0942047 -0 0.544568 0.636848
1.79014 -0.188151 -0 0.561469 0.636337
2.31814 -0.121489 0.04 0.545137 0.547293
1.79014 -0.188151 -0 0.561469 0.636337
2.3086 -0.242644 0.04 0.562352 0.547113
2.31814 -0.121489 0.04 0.545137 0.547293
2.31814 -0.121489 0.04 0.545137 0.547293
2.3086 -0.242644 0.04 0.562352 0.547113
2.51786 -0.131956 0.16 0.545208 0.500165
2.3086 -0.242644 0.04 0.562352 0.547113
2.50751 -0.26355 0.16 0.563778 0.502312
2.51786 -0.131956 0.16 0.545208 0.500165
2.51786 -0.131956 0.16 0.545208 0.500165
2.50751 -0.26355 0.16 0.563778 0.502312
2.71759 -0.142423 0.36 0.546411 0.44251
2.50751 -0.26355 0.16 0.563778 0.502312
2.70641 -0.284455 0.36 0.564879 0.442783
2.71759 -0.142423 0.36 0.546411 0.44251
2.71759 -0.142423 0.36 0.546411 0.44251
2.70641 -0.284455 0.36 0.564879 0.442783
2.91732 -0.15289 0.64 0.545935 0.374114
2.70641 -0.284455 0.36 0.564879 0.442783
2.90532 -0.305361 0.64 0.565412 0.374718
2.91732 -0.15289 0.64 0.545935 0.374114
2.91732 -0.15289 0.64 0.545935 0.374114
2.90532 -0.305361 0.64 0.565412 0.374718
3.11704 -0.163357 1 0.54622 0.295074
2.90532 -0.305361 0.64 0.565412 0.374718
3.10422 -0.326267 1 0.566307 0.296065
3.11704 -0.163357 1 0.54622 0.295074
3.11704 -0.163357 1 0.54622 0.295074
3.10422 -0.326267 1 0.566307 0.296065
3.31677 -0.173824 1.44 0.545808 0.211958
3.10422 -0.326267 1 0.566307 0.296065
3.30313 -0.347172 1.44 0.565962 0.211741
3.31677 -0.173824 1.44 0.545808 0.211958
3.31677 -0.173824 1.44 0.545808 0.211958
3.30313 -0.347172 1.44 0.565962 0.211741
3.51649 -0.184292 1.96 0.544478 0.124415
3.30313 -0.347172 1.44 0.565962 0.211741
3.50203 -0.368078 1.96 0.56525 0.12609
3.51649 -0.184292 1.96 0.544478 0.124415
0.8 -4.89859e-017 -0 0.529729 0.901842
0.798904 -0.0418688 -0 0.540511 0.902542
1 -6.12323e-017 -0 0.529641 0.834873
0.798904 -0.0418688 -0 0.540511 0.902542
0.99863 -0.052336 -0 0.542401 0.835809
1 -6.12323e-017 -0 0.529641 0.834873
1 -6.12323e-017 -0 0.529641 0.834873
0.99863 -0.052336 -0 0.542401 0.835809
1.2 -7.34788e-017 -0 0.529135 0.775136
0.99863 -0.052336 -0 0.542401 0.835809
1.19836 -0.0628031 -0 0.542547 0.776348
1.2 -7.34788e-017 -0 0.529135 0.775136
1.2 -7.34788e-017 -0 0.529135 0.775136
1.19836 -0.0628031 -0 0.542547 0.776348
1.4 -8.57253e-017 -0 0.529609 0.721586
1.19836 -0.0628031 -0 0.542547 0.776348
1.39808 -0.0732703 -0 0.543486 0.723019
1.4 -8.57253e-017 -0 0.529609 0.721586
1.4 -8.57253e-017 -0 0.529609 0.721586
1.39808 -0.0732703 -0 0.543486 0.723019
1.6 -9.79717e-017 -0 0.528632 0.676652
1.39808 -0.0732703 -0 0.543486 0.723019
1.59781 -0.0837375 -0 0.544138 0.676317
1.6 -9.79717e-017 -0 0.528632 0.676652
1.6 -9.79717e-017 -0 0.528632 0.676652
1.59781 -0.0837375 -0 0.544138 0.676317
1.8 -1.10218e-016 -0 0.528841 0.635099
1.59781 -0.0837375 -0 0.544138 0.676317
1.79753 -0.0942047 -0 0.544568 0.636848
1.8 -1.10218e-016 -0 0.528841 0.635099
1.8 -1.10218e-016 -0 0.528841 0.635099
1.79753 -0.0942047 -0 0.544568 0.636848
2.32132 -1.4214e-016 0.04 0.52776 0.547395
1.79753 -0.0942047 -0 0.544568 0.636848
2.31814 -0.121489 0.04 0.545137 0.547293
2.32132 -1.4214e-016 0.04 0.52776 0.547395
2.32132 -1.4214e-016 0.04 0.52776 0.547395
2.31814 -0.121489 0.04 0.545137 0.547293
2.52132 -1.54386e-016 0.16 0.527794 0.500163
2.31814 -0.121489 0.04 0.545137 0.547293
2.51786 -0.131956 0.16 0.545208 0.500165
2.52132 -1.54386e-016 0.16 0.527794 0.500163
2.52132 -1.54386e-016 0.16 0.527794 0.500163
2.51786 -0.131956 0.16 0.545208 0.500165
2.72132 -1.66633e-016 0.36 0.52641 0.442362
2.51786 -0.131956 0.16 0.545208 0.500165
2.71759 -0.142423 0.36 0.546411 0.44251
2.72132 -1.66633e-016 0.36 0.52641 0.442362
2.72132 -1.66633e-016 0.36 0.52641 0.442362
2.71759 -0.142423 0.36 0.546411 0.44251
2.92132 -1.78879e-016 0.64 0.52625 0.373807
2.71759 -0.142423 0.36 0.546411 0.44251
2.91732 -0.15289 0.64 0.545935 0.374114
2.92132 -1.78879e-016 0.64 0.52625 0.373807
2.92132 -1.78879e-016 0.64 0.52625 0.373807
2.91732 -0.15289 0.64 0.545935 0.374114
3.12132 -1.91126e-016 1 0.525924 0.296412
2.91732 -0.15289 0.64 0.545935 0.374114
3.11704 -0.163357 1 0.54622 0.295074
3.12132 -1.91126e-016 1 0.525924 0.296412
3.12132 -1.91126e-016 1 0.525924 0.296412
3.11704 -0.163357 1 0.54622 0.295074
3.32132 -2.03372e-016 1.44 0.524177 0.211277
3.11704 -0.163357 1 0.54622 0.295074
3.31677 -0.173824 1.44 0.545808 0.211958
3.32132 -2.03372e-016 1.44 0.524177 0.211277
3.32132 -2.03372e-016 1.44 0.524177 0.211277
3.31677 -0.173824 1.44 0.545808 0.211958
3.52132 -2.15619e-016 1.96 0.523512 0.124861
3.31677 -0.173824 1.44 0.545808 0.211958
3.51649 -0.184292 1.96 0.544478 0.124415
3.52132 -2.15619e-016 1.96 0.523512 0.124861
0.798904 0.0418688 -0 0.518885 0.902048
0.8 -4.89859e-017 -0 0.529729 0.901842
0.99863 0.052336 -0 0.516805 0.83648
0.8 -4.89859e-017 -0 0.529729 0.901842
1 -6.12323e-017 -0 0.529641 0.834873
0.99863 0.052336 -0 0.516805 0.83648
0.99863 0.052336 -0 0.516805 0.83648
1 -6.12323e-017 -0 0.529641 0.834873
1.19836 0.0628031 -0 0.515649 0.775283
1 -6.12323e-017 -0 0.529641 0.834873
1.2 -7.34788e-017 -0 0.529135 0.775136
1.19836 0.0628031 -0 0.515649 0.775283
1.19836 0.0628031 -0 0.515649 0.775283
1.2 -7.34788e-017 -0 0.529135 0.775136
1.39808 0.0732703 -0 0.514389 0.723525
1.2 -7.34788e-017 -0 0.529135 0.775136
1.4 -8.57253e-017 -0 0.529609 0.721586
1.39808 0.0732703 -0 0.514389 0.723525
1.39808 0.0732703 -0 0.514389 0.723525
1.4 -8.57253e-017 -0 0.529609 0.721586
1.59781 0.0837375 -0 0.51307 0.676742
1.4 -8.57253e-017 -0 0.529609 0.721586
1.6 -9.79717e-017 -0 0.528632 0.676652
1.59781 0.0837375 -0 0.51307 0.676742
1.59781 0.0837375 -0 0.51307 0.676742
1.6 -9.79717e-017 -0 0.528632 0.676652
1.79753 0.0942047 -0 0.51172 0.63719
1.6 -9.79717e-017 -0 0.528632 0.676652
1.8 -1.10218e-016 -0 0.528841 0.635099
1.79753 0.0942047 -0 0.51172 0.63719
1.79753 0.0942047 -0 0.51172 0.63719
1.8 -1.10218e-016 -0 0.528841 0.635099
2.31814 0.121489 0.04 0.510316 0.547418
1.8 -1.10218e-016 -0 0.528841 0.635099
2.32132 -1.4214e-016 0.04 0.52776 0.547395
2.31814 0.121489 0.04 0.510316 0.547418
2.31814 0.121489 0.04 0.510316 0.547418
2.32132 -1.4214e-016 0.04 0.52776 0.547395
2.51786 0.131956 0.16 0.508966 0.500169
2.32132 -1.4214e-016 0.04 0.52776 0.547395
2.52132 -1.54386e-016 0.16 0.527794 0.500163
2.51786 0.131956 0.16 0.508966 0.500169
2.51786 0.131956 0.16 0.508966 0.500169
2.52132 -1.54386e-016 0.16 0.527794 0.500163
2.71759 0.142423 0.36 0.507668 0.44236
2.52132 -1.54386e-016 0.16 0.527794 0.500163
2.72132 -1.66633e-016 0.36 0.52641 0.442362
2.71759 0.142423 0.36 0.507668 0.44236
2.71759 0.142423 0.36 0.507668 0.44236
2.72132 -1.66633e-016 0.36 0.52641 0.442362
2.91732 0.15289 0.64 0.50649 0.373806
2.72132 -1.66633e-016 0.36 0.52641 0.442362
2.92132 -1.78879e-016 0.64 0.52625 0.373807
2.91732 0.15289 0.64 0.50649 0.373806
2.91732 0.15289 0.64 0.50649 0.373806
2.92132 -1.78879e-016 0.64 0.52625 0.373807
3.11704 0.163357 1 0.505524 0.296421
2.92132 -1.78879e-016 0.64 0.52625 0.373807
3.12132 -1.91126e-016 1 0.525924 0.296412
3.11704 0.163357 1 0.505524 0.296421
3.11704 0.163357 1 0.505524 0.296421
3.12132 -1.91126e-016 1 0.525924 0.296412
3.31677 0.173824 1.44 0.503683 0.211347
3.12132 -1.91126e-016 1 0.525924 0.296412
3.32132 -2.03372e-016 1.44 0.524177 0.211277
3.31677 0.173824 1.44 0.503683 0.211347
3.31677 0.173824 1.44 0.503683 0.211347
3.32132 -2.03372e-016 1.44 0.524177 0.211277
3.51649 0.184292 1.96 0.502431 0.126225
3.32132 -2.03372e-016 1.44 0.524177 0.211277
3.52132 -2.15619e-016 1.96 0.523512 0.124861
3.51649 0.184292 1.96 0.502431 0.126225
0.795618 0.0836228 -0 0.508044 0.903159
0.798904 0.0418688 -0 0.518885 0.902048
0.994522 0.104528 -0 0.50515 0.836385
0.798904 0.0418688 -0 0.518885 0.902048
0.99863 0.052336 -0 0.516805 0.83648
0.994522 0.104528 -0 0.50515 0.836385
0.994522 0.104528 -0 0.50515 0.836385
0.99863 0.052336 -0 0.516805 0.83648
1.19343 0.125434 -0 0.502179 0.776787
0.99863 0.052336 -0 0.516805 0.83648
1.19836 0.0628031 -0 0.515649 0.775283
1.19343 0.125434 -0 0.502179 0.776787
1.19343 0.125434 -0 0.502179 0.776787
1.19836 0.0628031 -0 0.515649 0.775283
1.39233 0.14634 -0 0.499189 0.72336
1.19836 0.0628031 -0 0.515649 0.775283
1.39808 0.0732703 -0 0.514389 0.723525
1.39233 0.14634 -0 0.499189 0.72336
1.39233 0.14634 -0 0.499189 0.72336
1.39808 0.0732703 -0 0.514389 0.723525
1.59124 0.167246 -0 0.497534 0.678513
1.39808 0.0732703 -0 0.514389 0.723525
1.59781 0.0837375 -0 0.51307 0.676742
1.59124 0.167246 -0 0.497534 0.678513
1.59124 0.167246 -0 0.497534 0.678513
1.59781 0.0837375 -0 0.51307 0.676742
1.79014 0.188151 -0 0.495941 0.637047
1.59781 0.0837375 -0 0.51307 0.676742
1.79753 0.0942047 -0 0.51172 0.63719
1.79014 0.188151 -0 0.495941 0.637047
1.79014 0.188151 -0 0.495941 0.637047
1.79753 0.0942047 -0 0.51172 0.63719
2.3086 0.242644 0.04 0.492907 0.549496
1.79753 0.0942047 -0 0.51172 0.63719
2.31814 0.121489 0.04 0.510316 0.547418
2.3086 0.242644 0.04 0.492907 0.549496
2.3086 0.242644 0.04 0.492907 0.549496
2.31814 0.121489 0.04 0.510316 0.547418
2.50751 0.26355 0.16 0.491521 0.502333
2.31814 0.121489 0.04 0.510316 0.547418
2.51786 0.131956 0.16 0.508966 0.500169
2.50751 0.26355 0.16 0.491521 0.502333
2.50751 0.26355 0.16 0.491521 0.502333
2.51786 0.131956 0.16 0.508966 0.500169
2.70641 0.284455 0.36 0.48897 0.444611
2.51786 0.131956 0.16 0.508966 0.500169
2.71759 0.142423 0.36 0.507668 0.44236
2.70641 0.284455 0.36 0.48897 0.444611
2.70641 0.284455 0.36 0.48897 0.444611
2.71759 0.142423 0.36 0.507668 0.44236
2.90532 0.305361 0.64 0.486777 0.376131
2.71759 0.142423 0.36 0.507668 0.44236
2.91732 0.15289 0.64 0.50649 0.373806
2.90532 0.305361 0.64 0.486777 0.376131
2.90532 0.305361 0.64 0.486777 0.376131
2.91732 0.15289 0.64 0.50649 0.373806
3.10422 0.326267 1 0.485169 0.298771
2.91732 0.15289 0.64 0.50649 0.373806
3.11704 0.163357 1 0.505524 0.296421
3.10422 0.326267 1 0.485169 0.298771
3.10422 0.326267 1 0.485169 0.298771
3.11704 0.163357 1 0.505524 0.296421
3.30313 0.347172 1.44 0.483234 0.213673
3.11704 0.163357 1 0.505524 0.296421
3.31677 0.173824 1.44 0.503683 0.211347
3.30313 0.347172 1.44 0.483234 0.213673
3.30313 0.347172 1.44 0.483234 0.213673
3.31677 0.173824 1.44 0.503683 0.211347
3.50203 0.368078 1.96 0.481434 0.127264
3.31677 0.173824 1.44 0.503683 0.211347
3.51649 0.184292 1.96 0.502431 0.126225
3.50203 0.368078 1.96 0.481434 0.127264
0.790151 0.125148 -0 0.497277 0.905161
0.795618 0.0836228 -0 0.508044 0.903159
0.987688 0.156434 -0 0.492419 0.838818
0.795618 0.0836228 -0 0.508044 0.903159
0.994522 0.104528 -0 0.50515 0.836385
0.987688 0.156434 -0 0.492419 0.838818
0.987688 0.156434 -0 0.492419 0.838818
0.994522 0.104528 -0 0.50515 0.836385
1.18523 0.187721 -0 0.488814 0.77963
0.994522 0.104528 -0 0.50515 0.836385
1.19343 0.125434 -0 0.502179 0.776787
1.18523 0.187721 -0 0.488814 0.77963
1.18523 0.187721 -0 0.488814 0.77963
1.19343 0.125434 -0 0.502179 0.776787
1.38276 0.219008 -0 0.485372 0.726549
1.19343 0.125434 -0 0.502179 0.776787
1.39233 0.14634 -0 0.499189 0.72336
1.38276 0.219008 -0 0.485372 0.726549
1.38276 0.219008 -0 0.485372 0.726549
1.39233 0.14634 -0 0.499189 0.72336
1.5803 0.250295 -0 0.482101 0.680028
1.39233 0.14634 -0 0.499189 0.72336
1.59124 0.167246 -0 0.497534 0.678513
1.5803 0.250295 -0 0.482101 0.680028
1.5803 0.250295 -0 0.482101 0.680028
1.59124 0.167246 -0 0.497534 0.678513
1.77784 0.281582 -0 0.480296 0.640727
1.59124 0.167246 -0 0.497534 0.678513
1.79014 0.188151 -0 0.495941 0.637047
1.77784 0.281582 -0 0.480296 0.640727
1.77784 0.281582 -0 0.480296 0.640727
1.79014 0.188151 -0 0.495941 0.637047
2.29274 0.363135 0.04 0.475631 0.551479
1.79014 0.188151 -0 0.495941 0.637047
2.3086 0.242644 0.04 0.492907 0.549496
2.29274 0.363135 0.04 0.475631 0.551479
2.29274 0.363135 0.04 0.475631 0.551479
2.3086 0.242644 0.04 0.492907 0.549496
2.49028 0.394421 0.16 0.472885 0.504489
2.3086 0.242644 0.04 0.492907 0.549496
2.50751 0.26355 0.16 0.491521 0.502333
2.49028 0.394421 0.16 0.472885 0.504489
2.49028 0.394421 0.16 0.472885 0.504489
2.50751 0.26355 0.16 0.491521 0.502333
2.68782 0.425708 0.36 0.47043 0.446976
2.50751 0.26355 0.16 0.491521 0.502333
2.70641 0.284455 0.36 0.48897 0.444611
2.68782 0.425708 0.36 0.47043 0.446976
2.68782 0.425708 0.36 0.47043 0.446976
2.70641 0.284455 0.36 0.48897 0.444611
2.88535 0.456995 0.64 0.46724 0.378741
2.70641 0.284455 0.36 0.48897 0.444611
2.90532 0.305361 0.64 0.486777 0.376131
2.88535 0.456995 0.64 0.46724 0.378741
2.88535 0.456995 0.64 0.46724 0.378741
2.90532 0.305361 0.64 0.486777 0.376131
3.08289 0.488282 1 0.465044 0.299767
2.90532 0.305361 0.64 0.486777 0.376131
3.10422 0.326267 1 0.485169 0.298771
3.08289 0.488282 1 0.465044 0.299767
3.08289 0.488282 1 0.465044 0.299767
3.10422 0.326267 1 0.485169 0.298771
3.28043 0.519569 1.44 0.46185 0.215209
3.10422 0.326267 1 0.485169 0.298771
3.30313 0.347172 1.44 0.483234 0.213673
3.28043 0.519569 1.44 0.46185 0.215209
3.28043 0.519569 1.44 0.46185 0.215209
3.30313 0.347172 1.44 0.483234 0.213673
3.47797 0.550856 1.96 0.460682 0.129187
3.30313 0.347172 1.44 0.483234 0.213673
3.50203 0.368078 1.96 0.481434 0.127264
3.47797 0.550856 1.96 0.460682 0.129187
0.782518 0.166329 -0 0.487676 0.906962
0.790151 0.125148 -0 0.497277 0.905161
0.978148 0.207912 -0 0.479819 0.840929
0.790151 0.125148 -0 0.497277 0.905161
0.987688 0.156434 -0 0.492419 0.838818
0.978148 0.207912 -0 0.479819 0.840929
0.978148 0.207912 -0 0.479819 0.840929
0.987688 0.156434 -0 0.492419 0.838818
1.17378 0.249494 -0 0.474343 0.780478
0.987688 0.156434 -0 0.492419 0.838818
1.18523 0.187721 -0 0.488814 0.77963
1.17378 0.249494 -0 0.474343 0.780478
1.17378 0.249494 -0 0.474343 0.780478
1.18523 0.187721 -0 0.488814 0.77963
1.36941 0.291076 -0 0.470471 0.729389
1.18523 0.187721 -0 0.488814 0.77963
1.38276 0.219008 -0 0.485372 0.726549
1.36941 0.291076 -0 0.470471 0.729389
1.36941 0.291076 -0 0.470471 0.729389
1.38276 0.219008 -0 0.485372 0.726549
1.56504 0.332659 -0 0.466875 0.683193
1.38276 0.219008 -0 0.485372 0.726549
1.5803 0.250295 -0 0.482101 0.680028
1.56504 0.332659 -0 0.466875 0.683193
1.56504 0.332659 -0 0.466875 0.683193
1.5803 0.250295 -0 0.482101 0.680028
1.76067 0.374241 -0 0.463531 0.642125
1.5803 0.250295 -0 0.482101 0.680028
1.77784 0.281582 -0 0.480296 0.640727
1.76067 0.374241 -0 0.463531 0.642125
1.76067 0.374241 -0 0.463531 0.642125
1.77784 0.281582 -0 0.480296 0.640727
2.27059 0.48263 0.04 0.458582 0.55336
1.77784 0.281582 -0 0.480296 0.640727
2.29274 0.363135 0.04 0.475631 0.551479
2.27059 0.48263 0.04 0.458582 0.55336
2.27059 0.48263 0.04 0.458582 0.55336
2.29274 0.363135 0.04 0.475631 0.551479
2.46622 0.524212 0.16 0.45452 0.506625
2.29274 0.363135 0.04 0.475631 0.551479
2.49028 0.394421 0.16 0.472885 0.504489
2.46622 0.524212 0.16 0.45452 0.506625
2.46622 0.524212 0.16 0.45452 0.506625
2.49028 0.394421 0.16 0.472885 0.504489
2.66185 0.565794 0.36 0.452163 0.449438
2.49028 0.394421 0.16 0.472885 0.504489
2.68782 0.425708 0.36 0.47043 0.446976
2.66185 0.565794 0.36 0.452163 0.449438
2.66185 0.565794 0.36 0.452163 0.449438
2.68782 0.425708 0.36 0.47043 0.446976
2.85748 0.607377 0.64 0.448009 0.381608
2.68782 0.425708 0.36 0.47043 0.446976
2.88535 0.456995 0.64 0.46724 0.378741
2.85748 0.607377 0.64 0.448009 0.381608
2.85748 0.607377 0.64 0.448009 0.381608
2.88535 0.456995 0.64 0.46724 0.378741
3.05311 0.648959 1 0.443987 0.303157
2.88535 0.456995 0.64 0.46724 0.378741
3.08289 0.488282 1 0.465044 0.299767
3.05311 0.648959 1 0.443987 0.303157
3.05311 0.648959 1 0.443987 0.303157
3.08289 0.488282 1 0.465044 0.299767
3.24874 0.690541 1.44 0.440789 0.219017
3.08289 0.488282 1 0.465044 0.299767
3.28043 0.519569 1.44 0.46185 0.215209
3.24874 0.690541 1.44 0.440789 0.219017
3.24874 0.690541 1.44 0.440789 0.219017
3.28043 0.519569 1.44 0.46185 0.215209
3.44437 0.732124 1.96 0.439254 0.132116
3.28043 0.519569 1.44 0.46185 0.215209
3.47797 0.550856 1.96 0.460682 0.129187
3.44437 0.732124 1.96 0.439254 0.132116
0.772741 0.207055 -0 0.477166 0.909585
0.782518 0.166329 -0 0.487676 0.906962
0.965926 0.258819 -0 0.468578 0.844207
0.782518 0.166329 -0 0.487676 0.906962
0.978148 0.207912 -0 0.479819 0.840929
0.965926 0.258819 -0 0.468578 0.844207
0.965926 0.258819 -0 0.468578 0.844207
0.978148 0.207912 -0 0.479819 0.840929
1.15911 0.310583 -0 0.46137 0.7843
0.978148 0.207912 -0 0.479819 0.840929
1.17378 0.249494 -0 0.474343 0.780478
1.15911 0.310583 -0 0.46137 0.7843
1.15911 0.310583 -0 0.46137 0.7843
1.17378 0.249494 -0 0.474343 0.780478
1.3523 0.362347 -0 0.455805 0.731909
1.17378 0.249494 -0 0.474343 0.780478
1.36941 0.291076 -0 0.470471 0.729389
1.3523 0.362347 -0 0.455805 0.731909
1.3523 0.362347 -0 0.455805 0.731909
1.36941 0.291076 -0 0.470471 0.729389
1.54548 0.41411 -0 0.4519 0.686077
1.36941 0.291076 -0 0.470471 0.729389
1.56504 0.332659 -0 0.466875 0.683193
1.54548 0.41411 -0 0.4519 0.686077
1.54548 0.41411 -0 0.4519 0.686077
1.56504 0.332659 -0 0.466875 0.683193
1.73867 0.465874 -0 0.448354 0.645332
1.56504 0.332659 -0 0.466875 0.683193
1.76067 0.374241 -0 0.463531 0.642125
1.73867 0.465874 -0 0.448354 0.645332
1.73867 0.465874 -0 0.448354 0.645332
1.76067 0.374241 -0 0.463531 0.642125
2.24222 0.600802 0.04 0.440587 0.557198
1.76067 0.374241 -0 0.463531 0.642125
2.27059 0.48263 0.04 0.458582 0.55336
2.24222 0.600802 0.04 0.440587 0.557198
2.24222 0.600802 0.04 0.440587 0.557198
2.27059 0.48263 0.04 0.458582 0.55336
2.43541 0.652566 0.16 0.437802 0.510841
2.27059 0.48263 0.04 0.458582 0.55336
2.46622 0.524212 0.16 0.45452 0.506625
2.43541 0.652566 0.16 0.437802 0.510841
2.43541 0.652566 0.16 0.437802 0.510841
2.46622 0.524212 0.16 0.45452 0.506625
2.62859 0.70433 0.36 0.432987 0.454097
2.46622 0.524212 0.16 0.45452 0.506625
2.66185 0.565794 0.36 0.452163 0.449438
2.62859 0.70433 0.36 0.432987 0.454097
2.62859 0.70433 0.36 0.432987 0.454097
2.66185 0.565794 0.36 0.452163 0.449438
2.82178 0.756093 0.64 0.427968 0.384778
2.66185 0.565794 0.36 0.452163 0.449438
2.85748 0.607377 0.64 0.448009 0.381608
2.82178 0.756093 0.64 0.427968 0.384778
2.82178 0.756093 0.64 0.427968 0.384778
2.85748 0.607377 0.64 0.448009 0.381608
3.01496 0.807857 1 0.42463 0.306871
2.85748 0.607377 0.64 0.448009 0.381608
3.05311 0.648959 1 0.443987 0.303157
3.01496 0.807857 1 0.42463 0.306871
3.01496 0.807857 1 0.42463 0.306871
3.05311 0.648959 1 0.443987 0.303157
3.20815 0.859621 1.44 0.420348 0.22191
3.05311 0.648959 1 0.443987 0.303157
3.24874 0.690541 1.44 0.440789 0.219017
3.20815 0.859621 1.44 0.420348 0.22191
3.20815 0.859621 1.44 0.420348 0.22191
3.24874 0.690541 1.44 0.440789 0.219017
3.40133 0.911385 1.96 0.418526 0.134667
3.24874 0.690541 1.44 0.440789 0.219017
3.44437 0.732124 1.96 0.439254 0.132116
3.40133 0.911385 1.96 0.418526 0.134667
0.760845 0.247214 -0 0.465768 0.911817
0.772741 0.207055 -0 0.477166 0.909585
0.951057 0.309017 -0 0.45641 0.847071
0.772741 0.207055 -0 0.477166 0.909585
0.965926 0.258819 -0 0.468578 0.844207
0.951057 0.309017 -0 0.45641 0.847071
0.951057 0.309017 -0 0.45641 0.847071
0.965926 0.258819 -0 0.468578 0.844207
1.14127 0.37082 -0 0.44748 0.787665
0.965926 0.258819 -0 0.468578 0.844207
1.15911 0.310583 -0 0.46137 0.7843
1.14127 0.37082 -0 0.44748 0.787665
1.14127 0.37082 -0 0.44748 0.787665
1.15911 0.310583 -0 0.46137 0.7843
1.33148 0.432624 -0 0.441497 0.735856
1.15911 0.310583 -0 0.46137 0.7843
1.3523 0.362347 -0 0.455805 0.731909
1.33148 0.432624 -0 0.441497 0.735856
1.33148 0.432624 -0 0.441497 0.735856
1.3523 0.362347 -0 0.455805 0.731909
1.52169 0.494427 -0 0.436076 0.690441
1.3523 0.362347 -0 0.455805 0.731909
1.54548 0.41411 -0 0.4519 0.686077
1.52169 0.494427 -0 0.436076 0.690441
1.52169 0.494427 -0 0.436076 0.690441
1.54548 0.41411 -0 0.4519 0.686077
1.7119 0.556231 -0 0.432318 0.650165
1.54548 0.41411 -0 0.4519 0.686077
1.73867 0.465874 -0 0.448354 0.645332
1.7119 0.556231 -0 0.432318 0.650165
1.7119 0.556231 -0 0.432318 0.650165
1.73867 0.465874 -0 0.448354 0.645332
2.20771 0.717327 0.04 0.424289 0.560908
1.73867 0.465874 -0 0.448354 0.645332
2.24222 0.600802 0.04 0.440587 0.557198
2.20771 0.717327 0.04 0.424289 0.560908
2.20771 0.717327 0.04 0.424289 0.560908
2.24222 0.600802 0.04 0.440587 0.557198
2.39792 0.779131 0.16 0.419011 0.514964
2.24222 0.600802 0.04 0.440587 0.557198
2.43541 0.652566 0.16 0.437802 0.510841
2.39792 0.779131 0.16 0.419011 0.514964
2.39792 0.779131 0.16 0.419011 0.514964
2.43541 0.652566 0.16 0.437802 0.510841
2.58813 0.840934 0.36 0.414342 0.458779
2.43541 0.652566 0.16 0.437802 0.510841
2.62859 0.70433 0.36 0.432987 0.454097
2.58813 0.840934 0.36 0.414342 0.458779
2.58813 0.840934 0.36 0.414342 0.458779
2.62859 0.70433 0.36 0.432987 0.454097
2.77834 0.902738 0.64 0.408471 0.390142
2.62859 0.70433 0.36 0.432987 0.454097
2.82178 0.756093 0.64 0.427968 0.384778
2.77834 0.902738 0.64 0.408471 0.390142
2.77834 0.902738 0.64 0.408471 0.390142
2.82178 0.756093 0.64 0.427968 0.384778
2.96855 0.964541 1 0.40354 0.31124
2.82178 0.756093 0.64 0.427968 0.384778
3.01496 0.807857 1 0.42463 0.306871
2.96855 0.964541 1 0.40354 0.31124
2.96855 0.964541 1 0.40354 0.31124
3.01496 0.807857 1 0.42463 0.306871
3.15876 1.02634 1.44 0.400581 0.225386
3.01496 0.807857 1 0.42463 0.306871
3.20815 0.859621 1.44 0.420348 0.22191
3.15876 1.02634 1.44 0.400581 0.225386
3.15876 1.02634 1.44 0.400581 0.225386
3.20815 0.859621 1.44 0.420348 0.22191
3.34897 1.08815 1.96 0.397546 0.138235
3.20815 0.859621 1.44 0.420348 0.22191
3.40133 0.911385 1.96 0.418526 0.134667
3.34897 1.08815 1.96 0.397546 0.138235
0.746864 0.286694 -0 0.455777 0.916056
0.760845 0.247214 -0 0.465768 0.911817
0.93358 0.358368 -0 0.444581 0.850951
0.760845 0.247214 -0 0.465768 0.911817
0.951057 0.309017 -0 0.45641 0.847071
0.93358 0.358368 -0 0.444581 0.850951
0.93358 0.358368 -0 0.444581 0.850951
0.951057 0.309017 -0 0.45641 0.847071
1.1203 0.430042 -0 0.435151 0.792367
0.951057 0.309017 -0 0.45641 0.847071
1.14127 0.37082 -0 0.44748 0.787665
1.1203 0.430042 -0 0.435151 0.792367
1.1203 0.430042 -0 0.435151 0.792367
1.14127 0.37082 -0 0.44748 0.787665
1.30701 0.501715 -0 0.427632 0.74117
1.14127 0.37082 -0 0.44748 0.787665
1.33148 0.432624 -0 0.441497 0.735856
1.30701 0.501715 -0 0.427632 0.74117
1.30701 0.501715 -0 0.427632 0.74117
1.33148 0.432624 -0 0.441497 0.735856
1.49373 0.573389 -0 0.420685 0.694447
1.33148 0.432624 -0 0.441497 0.735856
1.52169 0.494427 -0 0.436076 0.690441
1.49373 0.573389 -0 0.420685 0.694447
1.49373 0.573389 -0 0.420685 0.694447
1.52169 0.494427 -0 0.436076 0.690441
1.68044 0.645062 -0 0.416731 0.65468
1.52169 0.494427 -0 0.436076 0.690441
1.7119 0.556231 -0 0.432318 0.650165
1.68044 0.645062 -0 0.416731 0.65468
1.68044 0.645062 -0 0.416731 0.65468
1.7119 0.556231 -0 0.432318 0.650165
2.16714 0.831887 0.04 0.407277 0.566458
1.7119 0.556231 -0 0.432318 0.650165
2.20771 0.717327 0.04 0.424289 0.560908
2.16714 0.831887 0.04 0.407277 0.566458
2.16714 0.831887 0.04 0.407277 0.566458
2.20771 0.717327 0.04 0.424289 0.560908
2.35386 0.90356 0.16 0.40204 0.52105
2.20771 0.717327 0.04 0.424289 0.560908
2.39792 0.779131 0.16 0.419011 0.514964
2.35386 0.90356 0.16 0.40204 0.52105
2.35386 0.90356 0.16 0.40204 0.52105
2.39792 0.779131 0.16 0.419011 0.514964
2.54057 0.975234 0.36 0.396317 0.46345
2.39792 0.779131 0.16 0.419011 0.514964
2.58813 0.840934 0.36 0.414342 0.458779
2.54057 0.975234 0.36 0.396317 0.46345
2.54057 0.975234 0.36 0.396317 0.46345
2.58813 0.840934 0.36 0.414342 0.458779
2.72729 1.04691 0.64 0.389726 0.393672
2.58813 0.840934 0.36 0.414342 0.458779
2.77834 0.902738 0.64 0.408471 0.390142
2.72729 1.04691 0.64 0.389726 0.393672
2.72729 1.04691 0.64 0.389726 0.393672
2.77834 0.902738 0.64 0.408471 0.390142
2.914 1.11858 1 0.384381 0.315806
2.77834 0.902738 0.64 0.408471 0.390142
2.96855 0.964541 1 0.40354 0.31124
2.914 1.11858 1 0.384381 0.315806
2.914 1.11858 1 0.384381 0.315806
2.96855 0.964541 1 0.40354 0.31124
3.10072 1.19025 1.44 0.379372 0.231373
2.96855 0.964541 1 0.40354 0.31124
3.15876 1.02634 1.44 0.400581 0.225386
3.10072 1.19025 1.44 0.379372 0.231373
3.10072 1.19025 1.44 0.379372 0.231373
3.15876 1.02634 1.44 0.400581 0.225386
3.28744 1.26193 1.96 0.377475 0.142541
3.15876 1.02634 1.44 0.400581 0.225386
3.34897 1.08815 1.96 0.397546 0.138235
3.28744 1.26193 1.96 0.377475 0.142541
0.730836 0.325389 -0 0.446028 0.919971
0.746864 0.286694 -0 0.455777 0.916056
0.913545 0.406737 -0 0.432084 0.855617
0.746864 0.286694 -0 0.455777 0.916056
0.93358 0.358368 -0 0.444581 0.850951
0.913545 0.406737 -0 0.432084 0.855617
0.913545 0.406737 -0 0.432084 0.855617
0.93358 0.358368 -0 0.444581 0.850951
1.09625 0.488084 -0 0.42215 0.798057
0.93358 0.358368 -0 0.444581 0.850951
1.1203 0.430042 -0 0.435151 0.792367
1.09625 0.488084 -0 0.42215 0.798057
1.09625 0.488084 -0 0.42215 0.798057
1.1203 0.430042 -0 0.435151 0.792367
1.27896 0.569431 -0 0.413044 0.745926
1.1203 0.430042 -0 0.435151 0.792367
1.30701 0.501715 -0 0.427632 0.74117
1.27896 0.569431 -0 0.413044 0.745926
1.27896 0.569431 -0 0.413044 0.745926
1.30701 0.501715 -0 0.427632 0.74117
1.46167 0.650779 -0 0.405866 0.699909
1.30701 0.501715 -0 0.427632 0.74117
1.49373 0.573389 -0 0.420685 0.694447
1.46167 0.650779 -0 0.405866 0.699909
1.46167 0.650779 -0 0.405866 0.699909
1.49373 0.573389 -0 0.420685 0.694447
1.64438 0.732126 -0 0.400564 0.660645
1.49373 0.573389 -0 0.420685 0.694447
1.68044 0.645062 -0 0.416731 0.65468
1.64438 0.732126 -0 0.400564 0.660645
1.64438 0.732126 -0 0.400564 0.660645
1.68044 0.645062 -0 0.416731 0.65468
2.12063 0.944166 0.04 0.389711 0.571703
1.68044 0.645062 -0 0.416731 0.65468
2.16714 0.831887 0.04 0.407277 0.566458
2.12063 0.944166 0.04 0.389711 0.571703
2.12063 0.944166 0.04 0.389711 0.571703
2.16714 0.831887 0.04 0.407277 0.566458
2.30334 1.02551 0.16 0.384529 0.526938
2.16714 0.831887 0.04 0.407277 0.566458
2.35386 0.90356 0.16 0.40204 0.52105
2.30334 1.02551 0.16 0.384529 0.526938
2.30334 1.02551 0.16 0.384529 0.526938
2.35386 0.90356 0.16 0.40204 0.52105
2.48605 1.10686 0.36 0.377855 0.468114
2.35386 0.90356 0.16 0.40204 0.52105
2.54057 0.975234 0.36 0.396317 0.46345
2.48605 1.10686 0.36 0.377855 0.468114
2.48605 1.10686 0.36 0.377855 0.468114
2.54057 0.975234 0.36 0.396317 0.46345
2.66876 1.18821 0.64 0.370596 0.399369
2.54057 0.975234 0.36 0.396317 0.46345
2.72729 1.04691 0.64 0.389726 0.393672
2.66876 1.18821 0.64 0.370596 0.399369
2.66876 1.18821 0.64 0.370596 0.399369
2.72729 1.04691 0.64 0.389726 0.393672
2.85147 1.26956 1 0.363956 0.321004
2.72729 1.04691 0.64 0.389726 0.393672
2.914 1.11858 1 0.384381 0.315806
2.85147 1.26956 1 0.363956 0.321004
2.85147 1.26956 1 0.363956 0.321004
2.914 1.11858 1 0.384381 0.315806
3.03418 1.3509 1.44 0.359334 0.236323
2.914 1.11858 1 0.384381 0.315806
3.10072 1.19025 1.44 0.379372 0.231373
3.03418 1.3509 1.44 0.359334 0.236323
3.03418 1.3509 1.44 0.359334 0.236323
3.10072 1.19025 1.44 0.379372 0.231373
3.21689 1.43225 1.96 0.356597 0.148078
3.10072 1.19025 1.44 0.379372 0.231373
3.28744 1.26193 1.96 0.377475 0.142541
3.21689 1.43225 1.96 0.356597 0.148078
0.712805 0.363192 -0 0.435649 0.924443
0.730836 0.325389 -0 0.446028 0.919971
0.891007 0.453991 -0 0.421021 0.860052
0.730836 0.325389 -0 0.446028 0.919971
0.913545 0.406737 -0 0.432084 0.855617
0.891007 0.453991 -0 0.421021 0.860052
0.891007 0.453991 -0 0.421021 0.860052
0.913545 0.406737 -0 0.432084 0.855617
1.06921 0.544789 -0 0.408504 0.8031
0.913545 0.406737 -0 0.432084 0.855617
1.09625 0.488084 -0 0.42215 0.798057
1.06921 0.544789 -0 0.408504 0.8031
1.06921 0.544789 -0 0.408504 0.8031
1.09625 0.488084 -0 0.42215 0.798057
1.24741 0.635587 -0 0.399084 0.75191
1.09625 0.488084 -0 0.42215 0.798057
1.27896 0.569431 -0 0.413044 0.745926
1.24741 0.635587 -0 0.399084 0.75191
1.24741 0.635587 -0 0.399084 0.75191
1.27896 0.569431 -0 0.413044 0.745926
1.42561 0.726385 -0 0.391692 0.706742
1.27896 0.569431 -0 0.413044 0.745926
1.46167 0.650779 -0 0.405866 0.699909
1.42561 0.726385 -0 0.391692 0.706742
1.42561 0.726385 -0 0.391692 0.706742
1.46167 0.650779 -0 0.405866 0.699909
1.60381 0.817183 -0 0.385035 0.666199
1.46167 0.650779 -0 0.405866 0.699909
1.64438 0.732126 -0 0.400564 0.660645
1.60381 0.817183 -0 0.385035 0.666199
1.60381 0.817183 -0 0.385035 0.666199
1.64438 0.732126 -0 0.400564 0.660645
2.06831 1.05386 0.04 0.374041 0.578729
1.64438 0.732126 -0 0.400564 0.660645
2.12063 0.944166 0.04 0.389711 0.571703
2.06831 1.05386 0.04 0.374041 0.578729
2.06831 1.05386 0.04 0.374041 0.578729
2.12063 0.944166 0.04 0.389711 0.571703
2.24651 1.14466 0.16 0.367769 0.532612
2.12063 0.944166 0.04 0.389711 0.571703
2.30334 1.02551 0.16 0.384529 0.526938
2.24651 1.14466 0.16 0.367769 0.532612
2.24651 1.14466 0.16 0.367769 0.532612
2.30334 1.02551 0.16 0.384529 0.526938
2.42471 1.23545 0.36 0.360216 0.47469
2.30334 1.02551 0.16 0.384529 0.526938
2.48605 1.10686 0.36 0.377855 0.468114
2.42471 1.23545 0.36 0.360216 0.47469
2.42471 1.23545 0.36 0.360216 0.47469
2.48605 1.10686 0.36 0.377855 0.468114
2.60292 1.32625 0.64 0.352324 0.40701
2.48605 1.10686 0.36 0.377855 0.468114
2.66876 1.18821 0.64 0.370596 0.399369
2.60292 1.32625 0.64 0.352324 0.40701
2.60292 1.32625 0.64 0.352324 0.40701
2.66876 1.18821 0.64 0.370596 0.399369
2.78112 1.41705 1 0.344506 0.32819
2.66876 1.18821 0.64 0.370596 0.399369
2.85147 1.26956 1 0.363956 0.321004
2.78112 1.41705 1 0.344506 0.32819
2.78112 1.41705 1 0.344506 0.32819
2.85147 1.26956 1 0.363956 0.321004
2.95932 1.50785 1.44 0.339475 0.24195
2.85147 1.26956 1 0.363956 0.321004
3.03418 1.3509 1.44 0.359334 0.236323
2.95932 1.50785 1.44 0.339475 0.24195
2.95932 1.50785 1.44 0.339475 0.24195
3.03418 1.3509 1.44 0.359334 0.236323
3.13752 1.59865 1.96 0.336311 0.15333
3.03418 1.3509 1.44 0.359334 0.236323
3.21689 1.43225 1.96 0.356597 0.148078
3.13752 1.59865 1.96 0.336311 0.15333
1.06921 0.544789 -0 0.408504 0.8031
1.24741 0.635587 -0 0.399084 0.75191
1.21244 0.7 -0 0.385679 0.757423
1.21244 0.7 -0 0.385679 0.757423
1.24741 0.635587 -0 0.399084 0.75191
1.38564 0.8 -0 0.377035 0.712925
1.24741 0.635587 -0 0.399084 0.75191
1.42561 0.726385 -0 0.391692 0.706742
1.38564 0.8 -0 0.377035 0.712925
1.38564 0.8 -0 0.377035 0.712925
1.42561 0.726385 -0 0.391692 0.706742
1.55885 0.9 -0 0.370276 0.673169
1.42561 0.726385 -0 0.391692 0.706742
1.60381 0.817183 -0 0.385035 0.666199
1.55885 0.9 -0 0.370276 0.673169
1.55885 0.9 -0 0.370276 0.673169
1.60381 0.817183 -0 0.385035 0.666199
2.01032 1.16066 0.04 0.356952 0.585249
1.60381 0.817183 -0 0.385035 0.666199
2.06831 1.05386 0.04 0.374041 0.578729
2.01032 1.16066 0.04 0.356952 0.585249
2.01032 1.16066 0.04 0.356952 0.585249
2.06831 1.05386 0.04 0.374041 0.578729
2.18353 1.26066 0.16 0.349739 0.539942
2.06831 1.05386 0.04 0.374041 0.578729
2.24651 1.14466 0.16 0.367769 0.532612
2.18353 1.26066 0.16 0.349739 0.539942
2.18353 1.26066 0.16 0.349739 0.539942
2.24651 1.14466 0.16 0.367769 0.532612
2.35673 1.36066 0.36 0.341422 0.4831
2.24651 1.14466 0.16 0.367769 0.532612
2.42471 1.23545 0.36 0.360216 0.47469
2.35673 1.36066 0.36 0.341422 0.4831
2.35673 1.36066 0.36 0.341422 0.4831
2.42471 1.23545 0.36 0.360216 0.47469
2.52994 1.46066 0.64 0.333072 0.414795
2.42471 1.23545 0.36 0.360216 0.47469
2.60292 1.32625 0.64 0.352324 0.40701
2.52994 1.46066 0.64 0.333072 0.414795
2.52994 1.46066 0.64 0.333072 0.414795
2.60292 1.32625 0.64 0.352324 0.40701
2.70314 1.56066 1 0.325262 0.335684
2.60292 1.32625 0.64 0.352324 0.40701
2.78112 1.41705 1 0.344506 0.32819
2.70314 1.56066 1 0.325262 0.335684
2.70314 1.56066 1 0.325262 0.335684
2.78112 1.41705 1 0.344506 0.32819
2.87635 1.66066 1.44 0.319145 0.248482
2.78112 1.41705 1 0.344506 0.32819
2.95932 1.50785 1.44 0.339475 0.24195
2.87635 1.66066 1.44 0.319145 0.248482
2.87635 1.66066 1.44 0.319145 0.248482
2.95932 1.50785 1.44 0.339475 0.24195
3.04955 1.76066 1.96 0.315839 0.159778
2.95932 1.50785 1.44 0.339475 0.24195
3.13752 1.59865 1.96 0.336311 0.15333
3.04955 1.76066 1.96 0.315839 0.159778
2.35673 1.36066 0.36 0.341422 0.4831
2.52994 1.46066 0.64 0.333072 0.414795
2.45003 1.59107 0.64 0.315049 0.422438
2.45003 1.59107 0.64 0.315049 0.422438
2.52994 1.46066 0.64 0.333072 0.414795
2.61776 1.69999 1 0.305574 0.343618
2.52994 1.46066 0.64 0.333072 0.414795
2.70314 1.56066 1 0.325262 0.335684
2.61776 1.69999 1 0.305574 0.343618
2.61776 1.69999 1 0.305574 0.343618
2.70314 1.56066 1 0.325262 0.335684
2.78549 1.80892 1.44 0.299316 0.25702
2.70314 1.56066 1 0.325262 0.335684
2.87635 1.66066 1.44 0.319145 0.248482
2.78549 1.80892 1.44 0.299316 0.25702
2.78549 1.80892 1.44 0.299316 0.25702
2.87635 1.66066 1.44 0.319145 0.248482
2.95323 1.91785 1.96 0.295507 0.167343
2.87635 1.66066 1.44 0.319145 0.248482
3.04955 1.76066 1.96 0.315839 0.159778
2.95323 1.91785 1.96 0.295507 0.167343
