1.50785 2.95932 1.44 0.69058 0.247435
1.66066 2.87635 1.44 0.710939 0.253092
1.59865 3.13752 1.96 0.691774 0.159261
1.66066 2.87635 1.44 0.710939 0.253092
1.76066 3.04955 1.96 0.712268 0.165132
1.59865 3.13752 1.96 0.691774 0.159261
0.325389 0.730836 -0 0.591201 0.919938
0.363192 0.712805 -0 0.601405 0.924278
0.406737 0.913545 -0 0.604845 0.85607
0.488084 1.09625 -0 0.615264 0.798659
0.544789 1.06921 -0 0.628436 0.805015
0.569431 1.27896 -0 0.623494 0.74754
0.544789 1.06921 -0 0.628436 0.805015
0.635587 1.24741 -0 0.638166 0.753153
0.569431 1.27896 -0 0.623494 0.74754
0.569431 1.27896 -0 0.623494 0.74754
0.635587 1.24741 -0 0.638166 0.753153
0.650779 1.46167 -0 0.63075 0.702859
0.635587 1.24741 -0 0.638166 0.753153
0.726385 1.42561 -0 0.644512 0.709539
0.650779 1.46167 -0 0.63075 0.702859
0.650779 1.46167 -0 0.63075 0.702859
0.726385 1.42561 -0 0.644512 0.709539
0.732126 1.64438 -0 0.634928 0.665437
0.726385 1.42561 -0 0.644512 0.709539
0.817183 1.60381 -0 0.65111 0.670685
0.732126 1.64438 -0 0.634928 0.665437
0.732126 1.64438 -0 0.634928 0.665437
0.817183 1.60381 -0 0.65111 0.670685
0.944166 2.12063 0.04 0.645724 0.578504
0.817183 1.60381 -0 0.65111 0.670685
1.05386 2.06831 0.04 0.662037 0.583395
0.944166 2.12063 0.04 0.645724 0.578504
0.944166 2.12063 0.04 0.645724 0.578504
1.05386 2.06831 0.04 0.662037 0.583395
1.02551 2.30334 0.16 0.65081 0.531908
1.05386 2.06831 0.04 0.662037 0.583395
1.14466 2.24651 0.16 0.668106 0.537565
1.02551 2.30334 0.16 0.65081 0.531908
1.02551 2.30334 0.16 0.65081 0.531908
1.14466 2.24651 0.16 0.668106 0.537565
1.10686 2.48605 0.36 0.656114 0.475466
1.14466 2.24651 0.16 0.668106 0.537565
1.23545 2.42471 0.36 0.674246 0.480157
1.10686 2.48605 0.36 0.656114 0.475466
1.10686 2.48605 0.36 0.656114 0.475466
1.23545 2.42471 0.36 0.674246 0.480157
1.18821 2.66876 0.64 0.662864 0.405398
1.23545 2.42471 0.36 0.674246 0.480157
1.32625 2.60292 0.64 0.68151 0.411414
1.18821 2.66876 0.64 0.662864 0.405398
1.18821 2.66876 0.64 0.662864 0.405398
1.32625 2.60292 0.64 0.68151 0.411414
1.26956 2.85147 1 0.6678 0.327897
1.32625 2.60292 0.64 0.68151 0.411414
1.41705 2.78112 1 0.687534 0.333777
1.26956 2.85147 1 0.6678 0.327897
1.26956 2.85147 1 0.6678 0.327897
1.41705 2.78112 1 0.687534 0.333777
1.3509 3.03418 1.44 0.671454 0.243007
1.41705 2.78112 1 0.687534 0.333777
1.50785 2.95932 1.44 0.69058 0.247435
1.3509 3.03418 1.44 0.671454 0.243007
1.3509 3.03418 1.44 0.671454 0.243007
1.50785 2.95932 1.44 0.69058 0.247435
1.43225 3.21689 1.96 0.671314 0.154611
1.50785 2.95932 1.44 0.69058 0.247435
1.59865 3.13752 1.96 0.691774 0.159261
1.43225 3.21689 1.96 0.671314 0.154611
0.286694 0.746864 -0 0.581582 0.91617
0.325389 0.730836 -0 0.591201 0.919938
0.358368 0.93358 -0 0.593529 0.852794
0.325389 0.730836 -0 0.591201 0.919938
0.406737 0.913545 -0 0.604845 0.85607
0.358368 0.93358 -0 0.593529 0.852794
0.358368 0.93358 -0 0.593529 0.852794
0.406737 0.913545 -0 0.604845 0.85607
0.430042 1.1203 -0 0.60243 0.794732
0.406737 0.913545 -0 0.604845 0.85607
0.488084 1.09625 -0 0.615264 0.798659
0.430042 1.1203 -0 0.60243 0.794732
0.430042 1.1203 -0 0.60243 0.794732
0.488084 1.09625 -0 0.615264 0.798659
0.501715 1.30701 -0 0.610367 0.74281
0.488084 1.09625 -0 0.615264 0.798659
0.569431 1.27896 -0 0.623494 0.74754
0.501715 1.30701 -0 0.610367 0.74281
0.501715 1.30701 -0 0.610367 0.74281
0.569431 1.27896 -0 0.623494 0.74754
0.573389 1.49373 -0 0.615041 0.699562
0.569431 1.27896 -0 0.623494 0.74754
0.650779 1.46167 -0 0.63075 0.702859
0.573389 1.49373 -0 0.615041 0.699562
0.573389 1.49373 -0 0.615041 0.699562
0.650779 1.46167 -0 0.63075 0.702859
0.645062 1.68044 -0 0.620316 0.659504
0.650779 1.46167 -0 0.63075 0.702859
0.732126 1.64438 -0 0.634928 0.665437
0.645062 1.68044 -0 0.620316 0.659504
0.645062 1.68044 -0 0.620316 0.659504
0.732126 1.64438 -0 0.634928 0.665437
0.831887 2.16714 0.04 0.628621 0.573339
0.732126 1.64438 -0 0.634928 0.665437
0.944166 2.12063 0.04 0.645724 0.578504
0.831887 2.16714 0.04 0.628621 0.573339
0.831887 2.16714 0.04 0.628621 0.573339
0.944166 2.12063 0.04 0.645724 0.578504
0.90356 2.35386 0.16 0.633776 0.526009
0.944166 2.12063 0.04 0.645724 0.578504
1.02551 2.30334 0.16 0.65081 0.531908
0.90356 2.35386 0.16 0.633776 0.526009
0.90356 2.35386 0.16 0.633776 0.526009
1.02551 2.30334 0.16 0.65081 0.531908
0.975234 2.54057 0.36 0.638101 0.468698
1.02551 2.30334 0.16 0.65081 0.531908
1.10686 2.48605 0.36 0.656114 0.475466
0.975234 2.54057 0.36 0.638101 0.468698
0.975234 2.54057 0.36 0.638101 0.468698
1.10686 2.48605 0.36 0.656114 0.475466
1.04691 2.72729 0.64 0.643205 0.401353
1.10686 2.48605 0.36 0.656114 0.475466
1.18821 2.66876 0.64 0.662864 0.405398
1.04691 2.72729 0.64 0.643205 0.401353
1.04691 2.72729 0.64 0.643205 0.401353
1.18821 2.66876 0.64 0.662864 0.405398
1.11858 2.914 1 0.647888 0.322437
1.18821 2.66876 0.64 0.662864 0.405398
1.26956 2.85147 1 0.6678 0.327897
1.11858 2.914 1 0.647888 0.322437
1.11858 2.914 1 0.647888 0.322437
1.26956 2.85147 1 0.6678 0.327897
1.19025 3.10072 1.44 0.650925 0.237496
1.26956 2.85147 1 0.6678 0.327897
1.3509 3.03418 1.44 0.671454 0.243007
1.19025 3.10072 1.44 0.650925 0.237496
1.19025 3.10072 1.44 0.650925 0.237496
1.3509 3.03418 1.44 0.671454 0.243007
1.26193 3.28744 1.96 0.651212 0.151224
1.3509 3.03418 1.44 0.671454 0.243007
1.43225 3.21689 1.96 0.671314 0.154611
1.26193 3.28744 1.96 0.651212 0.151224
0.247214 0.760845 -0 0.571606 0.913236
0.286694 0.746864 -0 0.581582 0.91617
0.309017 0.951057 -0 0.581887 0.849178
0.286694 0.746864 -0 0.581582 0.91617
0.358368 0.93358 -0 0.593529 0.852794
0.309017 0.951057 -0 0.581887 0.849178
0.309017 0.951057 -0 0.581887 0.849178
0.358368 0.93358 -0 0.593529 0.852794
0.37082 1.14127 -0 0.589174 0.790415
0.358368 0.93358 -0 0.593529 0.852794
0.430042 1.1203 -0 0.60243 0.794732
0.37082 1.14127 -0 0.589174 0.790415
0.37082 1.14127 -0 0.589174 0.790415
0.430042 1.1203 -0 0.60243 0.794732
0.432624 1.33148 -0 0.595512 0.739605
0.430042 1.1203 -0 0.60243 0.794732
0.501715 1.30701 -0 0.610367 0.74281
0.432624 1.33148 -0 0.595512 0.739605
0.432624 1.33148 -0 0.595512 0.739605
0.501715 1.30701 -0 0.610367 0.74281
0.494427 1.52169 -0 0.601208 0.693758
0.501715 1.30701 -0 0.610367 0.74281
0.573389 1.49373 -0 0.615041 0.699562
0.494427 1.52169 -0 0.601208 0.693758
0.494427 1.52169 -0 0.601208 0.693758
0.573389 1.49373 -0 0.615041 0.699562
0.556231 1.7119 -0 0.605071 0.65516
0.573389 1.49373 -0 0.615041 0.699562
0.645062 1.68044 -0 0.620316 0.659504
0.556231 1.7119 -0 0.605071 0.65516
0.556231 1.7119 -0 0.605071 0.65516
0.645062 1.68044 -0 0.620316 0.659504
0.717327 2.20771 0.04 0.611986 0.567864
0.645062 1.68044 -0 0.620316 0.659504
0.831887 2.16714 0.04 0.628621 0.573339
0.717327 2.20771 0.04 0.611986 0.567864
0.717327 2.20771 0.04 0.611986 0.567864
0.831887 2.16714 0.04 0.628621 0.573339
0.779131 2.39792 0.16 0.615982 0.521999
0.831887 2.16714 0.04 0.628621 0.573339
0.90356 2.35386 0.16 0.633776 0.526009
0.779131 2.39792 0.16 0.615982 0.521999
0.779131 2.39792 0.16 0.615982 0.521999
0.90356 2.35386 0.16 0.633776 0.526009
0.840934 2.58813 0.36 0.620468 0.463928
0.90356 2.35386 0.16 0.633776 0.526009
0.975234 2.54057 0.36 0.638101 0.468698
0.840934 2.58813 0.36 0.620468 0.463928
0.840934 2.58813 0.36 0.620468 0.463928
0.975234 2.54057 0.36 0.638101 0.468698
0.902738 2.77834 0.64 0.624781 0.395689
0.975234 2.54057 0.36 0.638101 0.468698
1.04691 2.72729 0.64 0.643205 0.401353
0.902738 2.77834 0.64 0.624781 0.395689
0.902738 2.77834 0.64 0.624781 0.395689
1.04691 2.72729 0.64 0.643205 0.401353
0.964541 2.96855 1 0.628023 0.317446
1.04691 2.72729 0.64 0.643205 0.401353
1.11858 2.914 1 0.647888 0.322437
0.964541 2.96855 1 0.628023 0.317446
0.964541 2.96855 1 0.628023 0.317446
1.11858 2.914 1 0.647888 0.322437
1.02634 3.15876 1.44 0.630419 0.234263
1.11858 2.914 1 0.647888 0.322437
1.19025 3.10072 1.44 0.650925 0.237496
1.02634 3.15876 1.44 0.630419 0.234263
1.02634 3.15876 1.44 0.630419 0.234263
1.19025 3.10072 1.44 0.650925 0.237496
1.08815 3.34897 1.96 0.630665 0.147613
1.19025 3.10072 1.44 0.650925 0.237496
1.26193 3.28744 1.96 0.651212 0.151224
1.08815 3.34897 1.96 0.630665 0.147613
0.207055 0.772741 -0 0.5614 0.91001
0.247214 0.760845 -0 0.571606 0.913236
0.258819 0.965926 -0 0.569934 0.845206
0.247214 0.760845 -0 0.571606 0.913236
0.309017 0.951057 -0 0.581887 0.849178
0.258819 0.965926 -0 0.569934 0.845206
0.258819 0.965926 -0 0.569934 0.845206
0.309017 0.951057 -0 0.581887 0.849178
0.310583 1.15911 -0 0.576616 0.787181
0.309017 0.951057 -0 0.581887 0.849178
0.37082 1.14127 -0 0.589174 0.790415
0.310583 1.15911 -0 0.576616 0.787181
0.310583 1.15911 -0 0.576616 0.787181
0.37082 1.14127 -0 0.589174 0.790415
0.362347 1.3523 -0 0.581406 0.735896
0.37082 1.14127 -0 0.589174 0.790415
0.432624 1.33148 -0 0.595512 0.739605
0.362347 1.3523 -0 0.581406 0.735896
0.362347 1.3523 -0 0.581406 0.735896
0.432624 1.33148 -0 0.595512 0.739605
0.41411 1.54548 -0 0.585563 0.691498
0.432624 1.33148 -0 0.595512 0.739605
0.494427 1.52169 -0 0.601208 0.693758
0.41411 1.54548 -0 0.585563 0.691498
0.41411 1.54548 -0 0.585563 0.691498
0.494427 1.52169 -0 0.601208 0.693758
0.465874 1.73867 -0 0.58926 0.652486
0.494427 1.52169 -0 0.601208 0.693758
0.556231 1.7119 -0 0.605071 0.65516
0.465874 1.73867 -0 0.58926 0.652486
0.465874 1.73867 -0 0.58926 0.652486
0.556231 1.7119 -0 0.605071 0.65516
0.600802 2.24222 0.04 0.594722 0.564254
0.556231 1.7119 -0 0.605071 0.65516
0.717327 2.20771 0.04 0.611986 0.567864
0.600802 2.24222 0.04 0.594722 0.564254
0.600802 2.24222 0.04 0.594722 0.564254
0.717327 2.20771 0.04 0.611986 0.567864
0.652566 2.43541 0.16 0.598752 0.517869
0.717327 2.20771 0.04 0.611986 0.567864
0.779131 2.39792 0.16 0.615982 0.521999
0.652566 2.43541 0.16 0.598752 0.517869
0.652566 2.43541 0.16 0.598752 0.517869
0.779131 2.39792 0.16 0.615982 0.521999
0.70433 2.62859 0.36 0.602177 0.461223
0.779131 2.39792 0.16 0.615982 0.521999
0.840934 2.58813 0.36 0.620468 0.463928
0.70433 2.62859 0.36 0.602177 0.461223
0.70433 2.62859 0.36 0.602177 0.461223
0.840934 2.58813 0.36 0.620468 0.463928
0.756093 2.82178 0.64 0.605668 0.392127
0.840934 2.58813 0.36 0.620468 0.463928
0.902738 2.77834 0.64 0.624781 0.395689
0.756093 2.82178 0.64 0.605668 0.392127
0.756093 2.82178 0.64 0.605668 0.392127
0.902738 2.77834 0.64 0.624781 0.395689
0.807857 3.01496 1 0.60853 0.314758
0.902738 2.77834 0.64 0.624781 0.395689
0.964541 2.96855 1 0.628023 0.317446
0.807857 3.01496 1 0.60853 0.314758
0.807857 3.01496 1 0.60853 0.314758
0.964541 2.96855 1 0.628023 0.317446
0.859621 3.20815 1.44 0.609864 0.230294
0.964541 2.96855 1 0.628023 0.317446
1.02634 3.15876 1.44 0.630419 0.234263
0.859621 3.20815 1.44 0.609864 0.230294
0.859621 3.20815 1.44 0.609864 0.230294
1.02634 3.15876 1.44 0.630419 0.234263
0.911385 3.40133 1.96 0.609931 0.143788
1.02634 3.15876 1.44 0.630419 0.234263
1.08815 3.34897 1.96 0.630665 0.147613
0.911385 3.40133 1.96 0.609931 0.143788
0.166329 0.782518 -0 0.550911 0.907662
0.207055 0.772741 -0 0.5614 0.91001
0.207912 0.978148 -0 0.55755 0.843727
0.207055 0.772741 -0 0.5614 0.91001
0.258819 0.965926 -0 0.569934 0.845206
0.207912 0.978148 -0 0.55755 0.843727
0.207912 0.978148 -0 0.55755 0.843727
0.258819 0.965926 -0 0.569934 0.845206
0.249494 1.17378 -0 0.562498 0.785372
0.258819 0.965926 -0 0.569934 0.845206
0.310583 1.15911 -0 0.576616 0.787181
0.249494 1.17378 -0 0.562498 0.785372
0.249494 1.17378 -0 0.562498 0.785372
0.310583 1.15911 -0 0.576616 0.787181
0.291076 1.36941 -0 0.566872 0.73364
0.310583 1.15911 -0 0.576616 0.787181
0.362347 1.3523 -0 0.581406 0.735896
0.291076 1.36941 -0 0.566872 0.73364
0.291076 1.36941 -0 0.566872 0.73364
0.362347 1.3523 -0 0.581406 0.735896
0.332659 1.56504 -0 0.570758 0.688841
0.362347 1.3523 -0 0.581406 0.735896
0.41411 1.54548 -0 0.585563 0.691498
0.332659 1.56504 -0 0.570758 0.688841
0.332659 1.56504 -0 0.570758 0.688841
0.41411 1.54548 -0 0.585563 0.691498
0.374241 1.76067 -0 0.573012 0.649544
0.41411 1.54548 -0 0.585563 0.691498
0.465874 1.73867 -0 0.58926 0.652486
0.374241 1.76067 -0 0.573012 0.649544
0.374241 1.76067 -0 0.573012 0.649544
0.465874 1.73867 -0 0.58926 0.652486
0.48263 2.27059 0.04 0.578219 0.560449
0.465874 1.73867 -0 0.58926 0.652486
0.600802 2.24222 0.04 0.594722 0.564254
0.48263 2.27059 0.04 0.578219 0.560449
0.48263 2.27059 0.04 0.578219 0.560449
0.600802 2.24222 0.04 0.594722 0.564254
0.524212 2.46622 0.16 0.580985 0.515779
0.600802 2.24222 0.04 0.594722 0.564254
0.652566 2.43541 0.16 0.598752 0.517869
0.524212 2.46622 0.16 0.580985 0.515779
0.524212 2.46622 0.16 0.580985 0.515779
0.652566 2.43541 0.16 0.598752 0.517869
0.565794 2.66185 0.36 0.583274 0.458574
0.652566 2.43541 0.16 0.598752 0.517869
0.70433 2.62859 0.36 0.602177 0.461223
0.565794 2.66185 0.36 0.583274 0.458574
0.565794 2.66185 0.36 0.583274 0.458574
0.70433 2.62859 0.36 0.602177 0.461223
0.607377 2.85748 0.64 0.585879 0.38877
0.70433 2.62859 0.36 0.602177 0.461223
0.756093 2.82178 0.64 0.605668 0.392127
0.607377 2.85748 0.64 0.585879 0.38877
0.607377 2.85748 0.64 0.585879 0.38877
0.756093 2.82178 0.64 0.605668 0.392127
0.648959 3.05311 1 0.588303 0.312478
0.756093 2.82178 0.64 0.605668 0.392127
0.807857 3.01496 1 0.60853 0.314758
0.648959 3.05311 1 0.588303 0.312478
0.648959 3.05311 1 0.588303 0.312478
0.807857 3.01496 1 0.60853 0.314758
0.690541 3.24874 1.44 0.589649 0.227113
0.807857 3.01496 1 0.60853 0.314758
0.859621 3.20815 1.44 0.609864 0.230294
0.690541 3.24874 1.44 0.589649 0.227113
0.690541 3.24874 1.44 0.589649 0.227113
0.859621 3.20815 1.44 0.609864 0.230294
0.732124 3.44437 1.96 0.589518 0.142196
0.859621 3.20815 1.44 0.609864 0.230294
0.911385 3.40133 1.96 0.609931 0.143788
0.732124 3.44437 1.96 0.589518 0.142196
0.125148 0.790151 -0 0.540198 0.90622
0.166329 0.782518 -0 0.550911 0.907662
0.156434 0.987688 -0 0.544962 0.841936
0.166329 0.782518 -0 0.550911 0.907662
0.207912 0.978148 -0 0.55755 0.843727
0.156434 0.987688 -0 0.544962 0.841936
0.156434 0.987688 -0 0.544962 0.841936
0.207912 0.978148 -0 0.55755 0.843727
0.187721 1.18523 -0 0.549328 0.783133
0.207912 0.978148 -0 0.55755 0.843727
0.249494 1.17378 -0 0.562498 0.785372
0.187721 1.18523 -0 0.549328 0.783133
0.187721 1.18523 -0 0.549328 0.783133
0.249494 1.17378 -0 0.562498 0.785372
0.219008 1.38276 -0 0.552044 0.731068
0.249494 1.17378 -0 0.562498 0.785372
0.291076 1.36941 -0 0.566872 0.73364
0.219008 1.38276 -0 0.552044 0.731068
0.219008 1.38276 -0 0.552044 0.731068
0.291076 1.36941 -0 0.566872 0.73364
0.250295 1.5803 -0 0.55436 0.685973
0.291076 1.36941 -0 0.566872 0.73364
0.332659 1.56504 -0 0.570758 0.688841
0.250295 1.5803 -0 0.55436 0.685973
0.250295 1.5803 -0 0.55436 0.685973
0.332659 1.56504 -0 0.570758 0.688841
0.281582 1.77784 -0 0.556387 0.646333
0.332659 1.56504 -0 0.570758 0.688841
0.374241 1.76067 -0 0.573012 0.649544
0.281582 1.77784 -0 0.556387 0.646333
0.281582 1.77784 -0 0.556387 0.646333
0.374241 1.76067 -0 0.573012 0.649544
0.363135 2.29274 0.04 0.559995 0.558659
0.374241 1.76067 -0 0.573012 0.649544
0.48263 2.27059 0.04 0.578219 0.560449
0.363135 2.29274 0.04 0.559995 0.558659
0.363135 2.29274 0.04 0.559995 0.558659
0.48263 2.27059 0.04 0.578219 0.560449
0.394421 2.49028 0.16 0.562766 0.513653
0.48263 2.27059 0.04 0.578219 0.560449
0.524212 2.46622 0.16 0.580985 0.515779
0.394421 2.49028 0.16 0.562766 0.513653
0.394421 2.49028 0.16 0.562766 0.513653
0.524212 2.46622 0.16 0.580985 0.515779
0.425708 2.68782 0.36 0.565161 0.456033
0.524212 2.46622 0.16 0.580985 0.515779
0.565794 2.66185 0.36 0.583274 0.458574
0.425708 2.68782 0.36 0.565161 0.456033
0.425708 2.68782 0.36 0.565161 0.456033
0.565794 2.66185 0.36 0.583274 0.458574
0.456995 2.88535 0.64 0.566846 0.38774
0.565794 2.66185 0.36 0.583274 0.458574
0.607377 2.85748 0.64 0.585879 0.38877
0.456995 2.88535 0.64 0.566846 0.38774
0.456995 2.88535 0.64 0.566846 0.38774
0.607377 2.85748 0.64 0.585879 0.38877
0.488282 3.08289 1 0.567394 0.308831
0.607377 2.85748 0.64 0.585879 0.38877
0.648959 3.05311 1 0.588303 0.312478
0.488282 3.08289 1 0.567394 0.308831
0.488282 3.08289 1 0.567394 0.308831
0.648959 3.05311 1 0.588303 0.312478
0.519569 3.28043 1.44 0.5689 0.226132
0.648959 3.05311 1 0.588303 0.312478
0.690541 3.24874 1.44 0.589649 0.227113
0.519569 3.28043 1.44 0.5689 0.226132
0.519569 3.28043 1.44 0.5689 0.226132
0.690541 3.24874 1.44 0.589649 0.227113
0.550856 3.47797 1.96 0.568301 0.140224
0.690541 3.24874 1.44 0.589649 0.227113
0.732124 3.44437 1.96 0.589518 0.142196
0.550856 3.47797 1.96 0.568301 0.140224
0.0836228 0.795618 -0 0.529323 0.905706
0.125148 0.790151 -0 0.540198 0.90622
0.104528 0.994522 -0 0.533374 0.839767
0.125148 0.790151 -0 0.540198 0.90622
0.156434 0.987688 -0 0.544962 0.841936
0.104528 0.994522 -0 0.533374 0.839767
0.104528 0.994522 -0 0.533374 0.839767
0.156434 0.987688 -0 0.544962 0.841936
0.125434 1.19343 -0 0.535962 0.78059
0.156434 0.987688 -0 0.544962 0.841936
0.187721 1.18523 -0 0.549328 0.783133
0.125434 1.19343 -0 0.535962 0.78059
0.125434 1.19343 -0 0.535962 0.78059
0.187721 1.18523 -0 0.549328 0.783133
0.14634 1.39233 -0 0.538209 0.72995
0.187721 1.18523 -0 0.549328 0.783133
0.219008 1.38276 -0 0.552044 0.731068
0.14634 1.39233 -0 0.538209 0.72995
0.14634 1.39233 -0 0.538209 0.72995
0.219008 1.38276 -0 0.552044 0.731068
0.167246 1.59124 -0 0.538937 0.684688
0.219008 1.38276 -0 0.552044 0.731068
0.250295 1.5803 -0 0.55436 0.685973
0.167246 1.59124 -0 0.538937 0.684688
0.167246 1.59124 -0 0.538937 0.684688
0.250295 1.5803 -0 0.55436 0.685973
0.188151 1.79014 -0 0.540751 0.644849
0.250295 1.5803 -0 0.55436 0.685973
0.281582 1.77784 -0 0.556387 0.646333
0.188151 1.79014 -0 0.540751 0.644849
0.188151 1.79014 -0 0.540751 0.644849
0.281582 1.77784 -0 0.556387 0.646333
0.242644 2.3086 0.04 0.54276 0.556743
0.281582 1.77784 -0 0.556387 0.646333
0.363135 2.29274 0.04 0.559995 0.558659
0.242644 2.3086 0.04 0.54276 0.556743
0.242644 2.3086 0.04 0.54276 0.556743
0.363135 2.29274 0.04 0.559995 0.558659
0.26355 2.50751 0.16 0.544189 0.511504
0.363135 2.29274 0.04 0.559995 0.558659
0.394421 2.49028 0.16 0.562766 0.513653
0.26355 2.50751 0.16 0.544189 0.511504
0.26355 2.50751 0.16 0.544189 0.511504
0.394421 2.49028 0.16 0.562766 0.513653
0.284455 2.70641 0.36 0.545364 0.453564
0.394421 2.49028 0.16 0.562766 0.513653
0.425708 2.68782 0.36 0.565161 0.456033
0.284455 2.70641 0.36 0.545364 0.453564
0.284455 2.70641 0.36 0.545364 0.453564
0.425708 2.68782 0.36 0.565161 0.456033
0.305361 2.90532 0.64 0.547377 0.384956
0.425708 2.68782 0.36 0.565161 0.456033
0.456995 2.88535 0.64 0.566846 0.38774
0.305361 2.90532 0.64 0.547377 0.384956
0.305361 2.90532 0.64 0.547377 0.384956
0.456995 2.88535 0.64 0.566846 0.38774
0.326267 3.10422 1 0.547342 0.307587
0.456995 2.88535 0.64 0.566846 0.38774
0.488282 3.08289 1 0.567394 0.308831
0.326267 3.10422 1 0.547342 0.307587
0.326267 3.10422 1 0.547342 0.307587
0.488282 3.08289 1 0.567394 0.308831
0.347172 3.30313 1.44 0.547569 0.224304
0.488282 3.08289 1 0.567394 0.308831
0.519569 3.28043 1.44 0.5689 0.226132
0.347172 3.30313 1.44 0.547569 0.224304
0.347172 3.30313 1.44 0.547569 0.224304
0.519569 3.28043 1.44 0.5689 0.226132
0.368078 3.50203 1.96 0.547652 0.139267
0.519569 3.28043 1.44 0.5689 0.226132
0.550856 3.47797 1.96 0.568301 0.140224
0.368078 3.50203 1.96 0.547652 0.139267
0.0418688 0.798904 -0 0.518372 0.904935
0.0836228 0.795618 -0 0.529323 0.905706
0.052336 0.99863 -0 0.52046 0.838815
0.0836228 0.795618 -0 0.529323 0.905706
0.104528 0.994522 -0 0.533374 0.839767
0.052336 0.99863 -0 0.52046 0.838815
0.052336 0.99863 -0 0.52046 0.838815
0.104528 0.994522 -0 0.533374 0.839767
0.0628031 1.19836 -0 0.5224 0.781081
0.104528 0.994522 -0 0.533374 0.839767
0.125434 1.19343 -0 0.535962 0.78059
0.0628031 1.19836 -0 0.5224 0.781081
0.0628031 1.19836 -0 0.5224 0.781081
0.125434 1.19343 -0 0.535962 0.78059
0.0732703 1.39808 -0 0.52296 0.728607
0.125434 1.19343 -0 0.535962 0.78059
0.14634 1.39233 -0 0.538209 0.72995
0.0732703 1.39808 -0 0.52296 0.728607
0.0732703 1.39808 -0 0.52296 0.728607
0.14634 1.39233 -0 0.538209 0.72995
0.0837375 1.59781 -0 0.524653 0.683123
0.14634 1.39233 -0 0.538209 0.72995
0.167246 1.59124 -0 0.538937 0.684688
0.0837375 1.59781 -0 0.524653 0.683123
0.0837375 1.59781 -0 0.524653 0.683123
0.167246 1.59124 -0 0.538937 0.684688
0.0942047 1.79753 -0 0.524939 0.643159
0.167246 1.59124 -0 0.538937 0.684688
0.188151 1.79014 -0 0.540751 0.644849
0.0942047 1.79753 -0 0.524939 0.643159
0.0942047 1.79753 -0 0.524939 0.643159
0.188151 1.79014 -0 0.540751 0.644849
0.121489 2.31814 0.04 0.525308 0.556886
0.188151 1.79014 -0 0.540751 0.644849
0.242644 2.3086 0.04 0.54276 0.556743
0.121489 2.31814 0.04 0.525308 0.556886
0.121489 2.31814 0.04 0.525308 0.556886
0.242644 2.3086 0.04 0.54276 0.556743
0.131956 2.51786 0.16 0.526715 0.511509
0.242644 2.3086 0.04 0.54276 0.556743
0.26355 2.50751 0.16 0.544189 0.511504
0.131956 2.51786 0.16 0.526715 0.511509
0.131956 2.51786 0.16 0.526715 0.511509
0.26355 2.50751 0.16 0.544189 0.511504
0.142423 2.71759 0.36 0.526641 0.453369
0.26355 2.50751 0.16 0.544189 0.511504
0.284455 2.70641 0.36 0.545364 0.453564
0.142423 2.71759 0.36 0.526641 0.453369
0.142423 2.71759 0.36 0.526641 0.453369
0.284455 2.70641 0.36 0.545364 0.453564
0.15289 2.91732 0.64 0.527658 0.384487
0.284455 2.70641 0.36 0.545364 0.453564
0.305361 2.90532 0.64 0.547377 0.384956
0.15289 2.91732 0.64 0.527658 0.384487
0.15289 2.91732 0.64 0.527658 0.384487
0.305361 2.90532 0.64 0.547377 0.384956
0.163357 3.11704 1 0.526993 0.306835
0.305361 2.90532 0.64 0.547377 0.384956
0.326267 3.10422 1 0.547342 0.307587
0.163357 3.11704 1 0.526993 0.306835
0.163357 3.11704 1 0.526993 0.306835
0.326267 3.10422 1 0.547342 0.307587
0.173824 3.31677 1.44 0.527121 0.22327
0.326267 3.10422 1 0.547342 0.307587
0.347172 3.30313 1.44 0.547569 0.224304
0.173824 3.31677 1.44 0.527121 0.22327
0.173824 3.31677 1.44 0.527121 0.22327
0.347172 3.30313 1.44 0.547569 0.224304
0.184292 3.51649 1.96 0.526648 0.139198
0.347172 3.30313 1.44 0.547569 0.224304
0.368078 3.50203 1.96 0.547652 0.139267
0.184292 3.51649 1.96 0.526648 0.139198
4.89859e-017 0.8 -0 0.508468 0.903899
0.0418688 0.798904 -0 0.518372 0.904935
6.12323e-017 1 -0 0.50865 0.839006
0.0418688 0.798904 -0 0.518372 0.904935
0.052336 0.99863 -0 0.52046 0.838815
6.12323e-017 1 -0 0.50865 0.839006
6.12323e-017 1 -0 0.50865 0.839006
0.052336 0.99863 -0 0.52046 0.838815
7.34788e-017 1.2 -0 0.50879 0.779622
0.052336 0.99863 -0 0.52046 0.838815
0.0628031 1.19836 -0 0.5224 0.781081
7.34788e-017 1.2 -0 0.50879 0.779622
7.34788e-017 1.2 -0 0.50879 0.779622
0.0628031 1.19836 -0 0.5224 0.781081
8.57253e-017 1.4 -0 0.50889 0.728792
0.0628031 1.19836 -0 0.5224 0.781081
0.0732703 1.39808 -0 0.52296 0.728607
8.57253e-017 1.4 -0 0.50889 0.728792
8.57253e-017 1.4 -0 0.50889 0.728792
0.0732703 1.39808 -0 0.52296 0.728607
9.79717e-017 1.6 -0 0.508965 0.683305
0.0732703 1.39808 -0 0.52296 0.728607
0.0837375 1.59781 -0 0.524653 0.683123
9.79717e-017 1.6 -0 0.508965 0.683305
9.79717e-017 1.6 -0 0.508965 0.683305
0.0837375 1.59781 -0 0.524653 0.683123
1.10218e-016 1.8 -0 0.509019 0.643308
0.0837375 1.59781 -0 0.524653 0.683123
0.0942047 1.79753 -0 0.524939 0.643159
1.10218e-016 1.8 -0 0.509019 0.643308
1.10218e-016 1.8 -0 0.509019 0.643308
0.0942047 1.79753 -0 0.524939 0.643159
1.4214e-016 2.32132 0.04 0.5091 0.556949
0.0942047 1.79753 -0 0.524939 0.643159
0.121489 2.31814 0.04 0.525308 0.556886
1.4214e-016 2.32132 0.04 0.5091 0.556949
1.4214e-016 2.32132 0.04 0.5091 0.556949
0.121489 2.31814 0.04 0.525308 0.556886
1.54386e-016 2.52132 0.16 0.507768 0.511526
0.121489 2.31814 0.04 0.525308 0.556886
0.131956 2.51786 0.16 0.526715 0.511509
1.54386e-016 2.52132 0.16 0.507768 0.511526
1.54386e-016 2.52132 0.16 0.507768 0.511526
0.131956 2.51786 0.16 0.526715 0.511509
1.66633e-016 2.72132 0.36 0.507784 0.45331
0.131956 2.51786 0.16 0.526715 0.511509
0.142423 2.71759 0.36 0.526641 0.453369
1.66633e-016 2.72132 0.36 0.507784 0.45331
1.66633e-016 2.72132 0.36 0.507784 0.45331
0.142423 2.71759 0.36 0.526641 0.453369
1.78879e-016 2.92132 0.64 0.507789 0.384329
0.142423 2.71759 0.36 0.526641 0.453369
0.15289 2.91732 0.64 0.527658 0.384487
1.78879e-016 2.92132 0.64 0.507789 0.384329
1.78879e-016 2.92132 0.64 0.507789 0.384329
0.15289 2.91732 0.64 0.527658 0.384487
1.91126e-016 3.12132 1 0.507775 0.308443
0.15289 2.91732 0.64 0.527658 0.384487
0.163357 3.11704 1 0.526993 0.306835
1.91126e-016 3.12132 1 0.507775 0.308443
1.91126e-016 3.12132 1 0.507775 0.308443
0.163357 3.11704 1 0.526993 0.306835
2.03372e-016 3.32132 1.44 0.506523 0.224509
0.163357 3.11704 1 0.526993 0.306835
0.173824 3.31677 1.44 0.527121 0.22327
2.03372e-016 3.32132 1.44 0.506523 0.224509
2.03372e-016 3.32132 1.44 0.506523 0.224509
0.173824 3.31677 1.44 0.527121 0.22327
2.15619e-016 3.52132 1.96 0.506557 0.138804
0.173824 3.31677 1.44 0.527121 0.22327
0.184292 3.51649 1.96 0.526648 0.139198
2.15619e-016 3.52132 1.96 0.506557 0.138804
-0.0418688 0.798904 -0 0.497452 0.905031
4.89859e-017 0.8 -0 0.508468 0.903899
-0.052336 0.99863 -0 0.495655 0.838922
4.89859e-017 0.8 -0 0.508468 0.903899
6.12323e-017 1 -0 0.50865 0.839006
-0.052336 0.99863 -0 0.495655 0.838922
-0.052336 0.99863 -0 0.495655 0.838922
6.12323e-017 1 -0 0.50865 0.839006
-0.0628031 1.19836 -0 0.495165 0.781214
6.12323e-017 1 -0 0.50865 0.839006
7.34788e-017 1.2 -0 0.50879 0.779622
-0.0628031 1.19836 -0 0.495165 0.781214
-0.0628031 1.19836 -0 0.495165 0.781214
7.34788e-017 1.2 -0 0.50879 0.779622
-0.0732703 1.39808 -0 0.493532 0.72871
7.34788e-017 1.2 -0 0.50879 0.779622
8.57253e-017 1.4 -0 0.50889 0.728792
-0.0732703 1.39808 -0 0.493532 0.72871
-0.0732703 1.39808 -0 0.493532 0.72871
8.57253e-017 1.4 -0 0.50889 0.728792
-0.0837375 1.59781 -0 0.493265 0.68324
8.57253e-017 1.4 -0 0.50889 0.728792
9.79717e-017 1.6 -0 0.508965 0.683305
-0.0837375 1.59781 -0 0.493265 0.68324
-0.0837375 1.59781 -0 0.493265 0.68324
9.79717e-017 1.6 -0 0.508965 0.683305
-0.0942047 1.79753 -0 0.493094 0.645299
9.79717e-017 1.6 -0 0.508965 0.683305
1.10218e-016 1.8 -0 0.509019 0.643308
-0.0942047 1.79753 -0 0.493094 0.645299
-0.0942047 1.79753 -0 0.493094 0.645299
1.10218e-016 1.8 -0 0.509019 0.643308
-0.121489 2.31814 0.04 0.491529 0.55694
1.10218e-016 1.8 -0 0.509019 0.643308
1.4214e-016 2.32132 0.04 0.5091 0.556949
-0.121489 2.31814 0.04 0.491529 0.55694
-0.121489 2.31814 0.04 0.491529 0.55694
1.4214e-016 2.32132 0.04 0.5091 0.556949
-0.131956 2.51786 0.16 0.490164 0.511547
1.4214e-016 2.32132 0.04 0.5091 0.556949
1.54386e-016 2.52132 0.16 0.507768 0.511526
-0.131956 2.51786 0.16 0.490164 0.511547
-0.131956 2.51786 0.16 0.490164 0.511547
1.54386e-016 2.52132 0.16 0.507768 0.511526
-0.142423 2.71759 0.36 0.488918 0.45339
1.54386e-016 2.52132 0.16 0.507768 0.511526
1.66633e-016 2.72132 0.36 0.507784 0.45331
-0.142423 2.71759 0.36 0.488918 0.45339
-0.142423 2.71759 0.36 0.488918 0.45339
1.66633e-016 2.72132 0.36 0.507784 0.45331
-0.15289 2.91732 0.64 0.487896 0.386522
1.66633e-016 2.72132 0.36 0.507784 0.45331
1.78879e-016 2.92132 0.64 0.507789 0.384329
-0.15289 2.91732 0.64 0.487896 0.386522
-0.15289 2.91732 0.64 0.487896 0.386522
1.78879e-016 2.92132 0.64 0.507789 0.384329
-0.163357 3.11704 1 0.487249 0.308692
1.78879e-016 2.92132 0.64 0.507789 0.384329
1.91126e-016 3.12132 1 0.507775 0.308443
-0.163357 3.11704 1 0.487249 0.308692
-0.163357 3.11704 1 0.487249 0.308692
1.91126e-016 3.12132 1 0.507775 0.308443
-0.173824 3.31677 1.44 0.4859 0.224885
1.91126e-016 3.12132 1 0.507775 0.308443
2.03372e-016 3.32132 1.44 0.506523 0.224509
-0.173824 3.31677 1.44 0.4859 0.224885
-0.173824 3.31677 1.44 0.4859 0.224885
2.03372e-016 3.32132 1.44 0.506523 0.224509
-0.184292 3.51649 1.96 0.485351 0.139291
2.03372e-016 3.32132 1.44 0.506523 0.224509
2.15619e-016 3.52132 1.96 0.506557 0.138804
-0.184292 3.51649 1.96 0.485351 0.139291
-0.0836228 0.795618 -0 0.486486 0.905902
-0.0418688 0.798904 -0 0.497452 0.905031
-0.104528 0.994522 -0 0.483895 0.840033
-0.0418688 0.798904 -0 0.497452 0.905031
-0.052336 0.99863 -0 0.495655 0.838922
-0.104528 0.994522 -0 0.483895 0.840033
-0.104528 0.994522 -0 0.483895 0.840033
-0.052336 0.99863 -0 0.495655 0.838922
-0.125434 1.19343 -0 0.481608 0.782516
-0.052336 0.99863 -0 0.495655 0.838922
-0.0628031 1.19836 -0 0.495165 0.781214
-0.125434 1.19343 -0 0.481608 0.782516
-0.125434 1.19343 -0 0.481608 0.782516
-0.0628031 1.19836 -0 0.495165 0.781214
-0.14634 1.39233 -0 0.479525 0.730203
-0.0628031 1.19836 -0 0.495165 0.781214
-0.0732703 1.39808 -0 0.493532 0.72871
-0.14634 1.39233 -0 0.479525 0.730203
-0.14634 1.39233 -0 0.479525 0.730203
-0.0732703 1.39808 -0 0.493532 0.72871
-0.167246 1.59124 -0 0.477645 0.684876
-0.0732703 1.39808 -0 0.493532 0.72871
-0.0837375 1.59781 -0 0.493265 0.68324
-0.167246 1.59124 -0 0.477645 0.684876
-0.167246 1.59124 -0 0.477645 0.684876
-0.0837375 1.59781 -0 0.493265 0.68324
-0.188151 1.79014 -0 0.475916 0.645021
-0.0837375 1.59781 -0 0.493265 0.68324
-0.0942047 1.79753 -0 0.493094 0.645299
-0.188151 1.79014 -0 0.475916 0.645021
-0.188151 1.79014 -0 0.475916 0.645021
-0.0942047 1.79753 -0 0.493094 0.645299
-0.242644 2.3086 0.04 0.47405 0.558999
-0.0942047 1.79753 -0 0.493094 0.645299
-0.121489 2.31814 0.04 0.491529 0.55694
-0.242644 2.3086 0.04 0.47405 0.558999
-0.242644 2.3086 0.04 0.47405 0.558999
-0.121489 2.31814 0.04 0.491529 0.55694
-0.26355 2.50751 0.16 0.472654 0.511578
-0.121489 2.31814 0.04 0.491529 0.55694
-0.131956 2.51786 0.16 0.490164 0.511547
-0.26355 2.50751 0.16 0.472654 0.511578
-0.26355 2.50751 0.16 0.472654 0.511578
-0.131956 2.51786 0.16 0.490164 0.511547
-0.284455 2.70641 0.36 0.470156 0.455736
-0.131956 2.51786 0.16 0.490164 0.511547
-0.142423 2.71759 0.36 0.488918 0.45339
-0.284455 2.70641 0.36 0.470156 0.455736
-0.284455 2.70641 0.36 0.470156 0.455736
-0.142423 2.71759 0.36 0.488918 0.45339
-0.305361 2.90532 0.64 0.468137 0.386988
-0.142423 2.71759 0.36 0.488918 0.45339
-0.15289 2.91732 0.64 0.487896 0.386522
-0.305361 2.90532 0.64 0.468137 0.386988
-0.305361 2.90532 0.64 0.468137 0.386988
-0.15289 2.91732 0.64 0.487896 0.386522
-0.326267 3.10422 1 0.466866 0.309451
-0.15289 2.91732 0.64 0.487896 0.386522
-0.163357 3.11704 1 0.487249 0.308692
-0.326267 3.10422 1 0.466866 0.309451
-0.326267 3.10422 1 0.466866 0.309451
-0.163357 3.11704 1 0.487249 0.308692
-0.347172 3.30313 1.44 0.465426 0.225961
-0.163357 3.11704 1 0.487249 0.308692
-0.173824 3.31677 1.44 0.4859 0.224885
-0.347172 3.30313 1.44 0.465426 0.225961
-0.347172 3.30313 1.44 0.465426 0.225961
-0.173824 3.31677 1.44 0.4859 0.224885
-0.368078 3.50203 1.96 0.4643 0.140694
-0.173824 3.31677 1.44 0.4859 0.224885
-0.184292 3.51649 1.96 0.485351 0.139291
-0.368078 3.50203 1.96 0.4643 0.140694
-0.125148 0.790151 -0 0.476681 0.906584
-0.0836228 0.795618 -0 0.486486 0.905902
-0.156434 0.987688 -0 0.4711 0.842253
-0.0836228 0.795618 -0 0.486486 0.905902
-0.104528 0.994522 -0 0.483895 0.840033
-0.156434 0.987688 -0 0.4711 0.842253
-0.156434 0.987688 -0 0.4711 0.842253
-0.104528 0.994522 -0 0.483895 0.840033
-0.187721 1.18523 -0 0.468161 0.783528
-0.104528 0.994522 -0 0.483895 0.840033
-0.125434 1.19343 -0 0.481608 0.782516
-0.187721 1.18523 -0 0.468161 0.783528
-0.187721 1.18523 -0 0.468161 0.783528
-0.125434 1.19343 -0 0.481608 0.782516
-0.219008 1.38276 -0 0.464381 0.731375
-0.125434 1.19343 -0 0.481608 0.782516
-0.14634 1.39233 -0 0.479525 0.730203
-0.219008 1.38276 -0 0.464381 0.731375
-0.219008 1.38276 -0 0.464381 0.731375
-0.14634 1.39233 -0 0.479525 0.730203
-0.250295 1.5803 -0 0.462178 0.686256
-0.14634 1.39233 -0 0.479525 0.730203
-0.167246 1.59124 -0 0.477645 0.684876
-0.250295 1.5803 -0 0.462178 0.686256
-0.250295 1.5803 -0 0.462178 0.686256
-0.167246 1.59124 -0 0.477645 0.684876
-0.281582 1.77784 -0 0.460261 0.648608
-0.167246 1.59124 -0 0.477645 0.684876
-0.188151 1.79014 -0 0.475916 0.645021
-0.281582 1.77784 -0 0.460261 0.648608
-0.281582 1.77784 -0 0.460261 0.648608
-0.188151 1.79014 -0 0.475916 0.645021
-0.363135 2.29274 0.04 0.456762 0.560962
-0.188151 1.79014 -0 0.475916 0.645021
-0.242644 2.3086 0.04 0.47405 0.558999
-0.363135 2.29274 0.04 0.456762 0.560962
-0.363135 2.29274 0.04 0.456762 0.560962
-0.242644 2.3086 0.04 0.47405 0.558999
-0.394421 2.49028 0.16 0.454013 0.513768
-0.242644 2.3086 0.04 0.47405 0.558999
-0.26355 2.50751 0.16 0.472654 0.511578
-0.394421 2.49028 0.16 0.454013 0.513768
-0.394421 2.49028 0.16 0.454013 0.513768
-0.26355 2.50751 0.16 0.472654 0.511578
-0.425708 2.68782 0.36 0.451618 0.458193
-0.26355 2.50751 0.16 0.472654 0.511578
-0.284455 2.70641 0.36 0.470156 0.455736
-0.425708 2.68782 0.36 0.451618 0.458193
-0.425708 2.68782 0.36 0.451618 0.458193
-0.284455 2.70641 0.36 0.470156 0.455736
-0.456995 2.88535 0.64 0.44861 0.38977
-0.284455 2.70641 0.36 0.470156 0.455736
-0.305361 2.90532 0.64 0.468137 0.386988
-0.456995 2.88535 0.64 0.44861 0.38977
-0.456995 2.88535 0.64 0.44861 0.38977
-0.305361 2.90532 0.64 0.468137 0.386988
-0.488282 3.08289 1 0.446714 0.31254
-0.305361 2.90532 0.64 0.468137 0.386988
-0.326267 3.10422 1 0.466866 0.309451
-0.488282 3.08289 1 0.446714 0.31254
-0.488282 3.08289 1 0.446714 0.31254
-0.326267 3.10422 1 0.466866 0.309451
-0.519569 3.28043 1.44 0.445244 0.227709
-0.326267 3.10422 1 0.466866 0.309451
-0.347172 3.30313 1.44 0.465426 0.225961
-0.519569 3.28043 1.44 0.445244 0.227709
-0.519569 3.28043 1.44 0.445244 0.227709
-0.347172 3.30313 1.44 0.465426 0.225961
-0.550856 3.47797 1.96 0.443554 0.142978
-0.347172 3.30313 1.44 0.465426 0.225961
-0.368078 3.50203 1.96 0.4643 0.140694
-0.550856 3.47797 1.96 0.443554 0.142978
-0.166329 0.782518 -0 0.465925 0.908147
-0.125148 0.790151 -0 0.476681 0.906584
-0.207912 0.978148 -0 0.459621 0.844252
-0.125148 0.790151 -0 0.476681 0.906584
-0.156434 0.987688 -0 0.4711 0.842253
-0.207912 0.978148 -0 0.459621 0.844252
-0.207912 0.978148 -0 0.459621 0.844252
-0.156434 0.987688 -0 0.4711 0.842253
-0.249494 1.17378 -0 0.453721 0.785798
-0.156434 0.987688 -0 0.4711 0.842253
-0.187721 1.18523 -0 0.468161 0.783528
-0.249494 1.17378 -0 0.453721 0.785798
-0.249494 1.17378 -0 0.453721 0.785798
-0.187721 1.18523 -0 0.468161 0.783528
-0.291076 1.36941 -0 0.450733 0.73414
-0.187721 1.18523 -0 0.468161 0.783528
-0.219008 1.38276 -0 0.464381 0.731375
-0.291076 1.36941 -0 0.450733 0.73414
-0.291076 1.36941 -0 0.450733 0.73414
-0.219008 1.38276 -0 0.464381 0.731375
-0.332659 1.56504 -0 0.446972 0.689304
-0.219008 1.38276 -0 0.464381 0.731375
-0.250295 1.5803 -0 0.462178 0.686256
-0.332659 1.56504 -0 0.446972 0.689304
-0.332659 1.56504 -0 0.446972 0.689304
-0.250295 1.5803 -0 0.462178 0.686256
-0.374241 1.76067 -0 0.444811 0.649954
-0.250295 1.5803 -0 0.462178 0.686256
-0.281582 1.77784 -0 0.460261 0.648608
-0.374241 1.76067 -0 0.444811 0.649954
-0.374241 1.76067 -0 0.444811 0.649954
-0.281582 1.77784 -0 0.460261 0.648608
-0.48263 2.27059 0.04 0.439754 0.562822
-0.281582 1.77784 -0 0.460261 0.648608
-0.363135 2.29274 0.04 0.456762 0.560962
-0.48263 2.27059 0.04 0.439754 0.562822
-0.48263 2.27059 0.04 0.439754 0.562822
-0.363135 2.29274 0.04 0.456762 0.560962
-0.524212 2.46622 0.16 0.437001 0.51807
-0.363135 2.29274 0.04 0.456762 0.560962
-0.394421 2.49028 0.16 0.454013 0.513768
-0.524212 2.46622 0.16 0.437001 0.51807
-0.524212 2.46622 0.16 0.437001 0.51807
-0.394421 2.49028 0.16 0.454013 0.513768
-0.565794 2.66185 0.36 0.433414 0.460739
-0.394421 2.49028 0.16 0.454013 0.513768
-0.425708 2.68782 0.36 0.451618 0.458193
-0.565794 2.66185 0.36 0.433414 0.460739
-0.565794 2.66185 0.36 0.433414 0.460739
-0.425708 2.68782 0.36 0.451618 0.458193
-0.607377 2.85748 0.64 0.429456 0.392803
-0.425708 2.68782 0.36 0.451618 0.458193
-0.456995 2.88535 0.64 0.44861 0.38977
-0.607377 2.85748 0.64 0.429456 0.392803
-0.607377 2.85748 0.64 0.429456 0.392803
-0.456995 2.88535 0.64 0.44861 0.38977
-0.648959 3.05311 1 0.427025 0.314238
-0.456995 2.88535 0.64 0.44861 0.38977
-0.488282 3.08289 1 0.446714 0.31254
-0.648959 3.05311 1 0.427025 0.314238
-0.648959 3.05311 1 0.427025 0.314238
-0.488282 3.08289 1 0.446714 0.31254
-0.690541 3.24874 1.44 0.424239 0.231808
-0.488282 3.08289 1 0.446714 0.31254
-0.519569 3.28043 1.44 0.445244 0.227709
-0.690541 3.24874 1.44 0.424239 0.231808
-0.690541 3.24874 1.44 0.424239 0.231808
-0.519569 3.28043 1.44 0.445244 0.227709
-0.732124 3.44437 1.96 0.423248 0.146089
-0.519569 3.28043 1.44 0.445244 0.227709
-0.550856 3.47797 1.96 0.443554 0.142978
-0.732124 3.44437 1.96 0.423248 0.146089
-0.207055 0.772741 -0 0.455381 0.910613
-0.166329 0.782518 -0 0.465925 0.908147
-0.258819 0.965926 -0 0.44717 0.845862
-0.166329 0.782518 -0 0.465925 0.908147
-0.207912 0.978148 -0 0.459621 0.844252
-0.258819 0.965926 -0 0.44717 0.845862
-0.258819 0.965926 -0 0.44717 0.845862
-0.207912 0.978148 -0 0.459621 0.844252
-0.310583 1.15911 -0 0.440723 0.787841
-0.207912 0.978148 -0 0.459621 0.844252
-0.249494 1.17378 -0 0.453721 0.785798
-0.310583 1.15911 -0 0.440723 0.787841
-0.310583 1.15911 -0 0.440723 0.787841
-0.249494 1.17378 -0 0.453721 0.785798
-0.362347 1.3523 -0 0.436174 0.738301
-0.249494 1.17378 -0 0.453721 0.785798
-0.291076 1.36941 -0 0.450733 0.73414
-0.362347 1.3523 -0 0.436174 0.738301
-0.362347 1.3523 -0 0.436174 0.738301
-0.291076 1.36941 -0 0.450733 0.73414
-0.41411 1.54548 -0 0.432063 0.692073
-0.291076 1.36941 -0 0.450733 0.73414
-0.332659 1.56504 -0 0.446972 0.689304
-0.41411 1.54548 -0 0.432063 0.692073
-0.41411 1.54548 -0 0.432063 0.692073
-0.332659 1.56504 -0 0.446972 0.689304
-0.465874 1.73867 -0 0.428444 0.653002
-0.332659 1.56504 -0 0.446972 0.689304
-0.374241 1.76067 -0 0.444811 0.649954
-0.465874 1.73867 -0 0.428444 0.653002
-0.465874 1.73867 -0 0.428444 0.653002
-0.374241 1.76067 -0 0.444811 0.649954
-0.600802 2.24222 0.04 0.421863 0.566642
-0.374241 1.76067 -0 0.444811 0.649954
-0.48263 2.27059 0.04 0.439754 0.562822
-0.600802 2.24222 0.04 0.421863 0.566642
-0.600802 2.24222 0.04 0.421863 0.566642
-0.48263 2.27059 0.04 0.439754 0.562822
-0.652566 2.43541 0.16 0.419095 0.520186
-0.48263 2.27059 0.04 0.439754 0.562822
-0.524212 2.46622 0.16 0.437001 0.51807
-0.652566 2.43541 0.16 0.419095 0.520186
-0.652566 2.43541 0.16 0.419095 0.520186
-0.524212 2.46622 0.16 0.437001 0.51807
-0.70433 2.62859 0.36 0.414392 0.463393
-0.524212 2.46622 0.16 0.437001 0.51807
-0.565794 2.66185 0.36 0.433414 0.460739
-0.70433 2.62859 0.36 0.414392 0.463393
-0.70433 2.62859 0.36 0.414392 0.463393
-0.565794 2.66185 0.36 0.433414 0.460739
-0.756093 2.82178 0.64 0.410788 0.396052
-0.565794 2.66185 0.36 0.433414 0.460739
-0.607377 2.85748 0.64 0.429456 0.392803
-0.756093 2.82178 0.64 0.410788 0.396052
-0.756093 2.82178 0.64 0.410788 0.396052
-0.607377 2.85748 0.64 0.429456 0.392803
-0.807857 3.01496 1 0.406609 0.318313
-0.607377 2.85748 0.64 0.429456 0.392803
-0.648959 3.05311 1 0.427025 0.314238
-0.807857 3.01496 1 0.406609 0.318313
-0.807857 3.01496 1 0.406609 0.318313
-0.648959 3.05311 1 0.427025 0.314238
-0.859621 3.20815 1.44 0.403922 0.234976
-0.648959 3.05311 1 0.427025 0.314238
-0.690541 3.24874 1.44 0.424239 0.231808
-0.859621 3.20815 1.44 0.403922 0.234976
-0.859621 3.20815 1.44 0.403922 0.234976
-0.690541 3.24874 1.44 0.424239 0.231808
-0.911385 3.40133 1.96 0.40262 0.148934
-0.690541 3.24874 1.44 0.424239 0.231808
-0.732124 3.44437 1.96 0.423248 0.146089
-0.911385 3.40133 1.96 0.40262 0.148934
-0.247214 0.760845 -0 0.445107 0.913952
-0.207055 0.772741 -0 0.455381 0.910613
-0.309017 0.951057 -0 0.435128 0.84996
-0.207055 0.772741 -0 0.455381 0.910613
-0.258819 0.965926 -0 0.44717 0.845862
-0.309017 0.951057 -0 0.435128 0.84996
-0.309017 0.951057 -0 0.435128 0.84996
-0.258819 0.965926 -0 0.44717 0.845862
-0.37082 1.14127 -0 0.42816 0.792793
-0.258819 0.965926 -0 0.44717 0.845862
-0.310583 1.15911 -0 0.440723 0.787841
-0.37082 1.14127 -0 0.42816 0.792793
-0.37082 1.14127 -0 0.42816 0.792793
-0.310583 1.15911 -0 0.440723 0.787841
-0.432624 1.33148 -0 0.421882 0.740352
-0.310583 1.15911 -0 0.440723 0.787841
-0.362347 1.3523 -0 0.436174 0.738301
-0.432624 1.33148 -0 0.421882 0.740352
-0.432624 1.33148 -0 0.421882 0.740352
-0.362347 1.3523 -0 0.436174 0.738301
-0.494427 1.52169 -0 0.416364 0.696326
-0.362347 1.3523 -0 0.436174 0.738301
-0.41411 1.54548 -0 0.432063 0.692073
-0.494427 1.52169 -0 0.416364 0.696326
-0.494427 1.52169 -0 0.416364 0.696326
-0.41411 1.54548 -0 0.432063 0.692073
-0.556231 1.7119 -0 0.41256 0.657739
-0.41411 1.54548 -0 0.432063 0.692073
-0.465874 1.73867 -0 0.428444 0.653002
-0.556231 1.7119 -0 0.41256 0.657739
-0.556231 1.7119 -0 0.41256 0.657739
-0.465874 1.73867 -0 0.428444 0.653002
-0.717327 2.20771 0.04 0.405711 0.570334
-0.465874 1.73867 -0 0.428444 0.653002
-0.600802 2.24222 0.04 0.421863 0.566642
-0.717327 2.20771 0.04 0.405711 0.570334
-0.717327 2.20771 0.04 0.405711 0.570334
-0.600802 2.24222 0.04 0.421863 0.566642
-0.779131 2.39792 0.16 0.401709 0.526438
-0.600802 2.24222 0.04 0.421863 0.566642
-0.652566 2.43541 0.16 0.419095 0.520186
-0.779131 2.39792 0.16 0.401709 0.526438
-0.779131 2.39792 0.16 0.401709 0.526438
-0.652566 2.43541 0.16 0.419095 0.520186
-0.840934 2.58813 0.36 0.395939 0.468169
-0.652566 2.43541 0.16 0.419095 0.520186
-0.70433 2.62859 0.36 0.414392 0.463393
-0.840934 2.58813 0.36 0.395939 0.468169
-0.840934 2.58813 0.36 0.395939 0.468169
-0.70433 2.62859 0.36 0.414392 0.463393
-0.902738 2.77834 0.64 0.39152 0.399577
-0.70433 2.62859 0.36 0.414392 0.463393
-0.756093 2.82178 0.64 0.410788 0.396052
-0.902738 2.77834 0.64 0.39152 0.399577
-0.902738 2.77834 0.64 0.39152 0.399577
-0.756093 2.82178 0.64 0.410788 0.396052
-0.964541 2.96855 1 0.386891 0.322766
-0.756093 2.82178 0.64 0.410788 0.396052
-0.807857 3.01496 1 0.406609 0.318313
-0.964541 2.96855 1 0.386891 0.322766
-0.964541 2.96855 1 0.386891 0.322766
-0.807857 3.01496 1 0.406609 0.318313
-1.02634 3.15876 1.44 0.383262 0.238928
-0.807857 3.01496 1 0.406609 0.318313
-0.859621 3.20815 1.44 0.403922 0.234976
-1.02634 3.15876 1.44 0.383262 0.238928
-1.02634 3.15876 1.44 0.383262 0.238928
-0.859621 3.20815 1.44 0.403922 0.234976
-1.08815 3.34897 1.96 0.381792 0.152784
-0.859621 3.20815 1.44 0.403922 0.234976
-0.911385 3.40133 1.96 0.40262 0.148934
-1.08815 3.34897 1.96 0.381792 0.152784
-0.286694 0.746864 -0 0.435057 0.916996
-0.247214 0.760845 -0 0.445107 0.913952
-0.358368 0.93358 -0 0.42339 0.853697
-0.247214 0.760845 -0 0.445107 0.913952
-0.309017 0.951057 -0 0.435128 0.84996
-0.358368 0.93358 -0 0.42339 0.853697
-0.358368 0.93358 -0 0.42339 0.853697
-0.309017 0.951057 -0 0.435128 0.84996
-0.430042 1.1203 -0 0.414694 0.79564
-0.309017 0.951057 -0 0.435128 0.84996
-0.37082 1.14127 -0 0.42816 0.792793
-0.430042 1.1203 -0 0.414694 0.79564
-0.430042 1.1203 -0 0.414694 0.79564
-0.37082 1.14127 -0 0.42816 0.792793
-0.501715 1.30701 -0 0.406991 0.745414
-0.37082 1.14127 -0 0.42816 0.792793
-0.432624 1.33148 -0 0.421882 0.740352
-0.501715 1.30701 -0 0.406991 0.745414
-0.501715 1.30701 -0 0.406991 0.745414
-0.432624 1.33148 -0 0.421882 0.740352
-0.573389 1.49373 -0 0.402316 0.700363
-0.432624 1.33148 -0 0.421882 0.740352
-0.494427 1.52169 -0 0.416364 0.696326
-0.573389 1.49373 -0 0.402316 0.700363
-0.573389 1.49373 -0 0.402316 0.700363
-0.494427 1.52169 -0 0.416364 0.696326
-0.645062 1.68044 -0 0.397171 0.662158
-0.494427 1.52169 -0 0.416364 0.696326
-0.556231 1.7119 -0 0.41256 0.657739
-0.645062 1.68044 -0 0.397171 0.662158
-0.645062 1.68044 -0 0.397171 0.662158
-0.556231 1.7119 -0 0.41256 0.657739
-0.831887 2.16714 0.04 0.388905 0.57586
-0.556231 1.7119 -0 0.41256 0.657739
-0.717327 2.20771 0.04 0.405711 0.570334
-0.831887 2.16714 0.04 0.388905 0.57586
-0.831887 2.16714 0.04 0.388905 0.57586
-0.717327 2.20771 0.04 0.405711 0.570334
-0.90356 2.35386 0.16 0.383729 0.530448
-0.717327 2.20771 0.04 0.405711 0.570334
-0.779131 2.39792 0.16 0.401709 0.526438
-0.90356 2.35386 0.16 0.383729 0.530448
-0.90356 2.35386 0.16 0.383729 0.530448
-0.779131 2.39792 0.16 0.401709 0.526438
-0.975234 2.54057 0.36 0.378159 0.472923
-0.779131 2.39792 0.16 0.401709 0.526438
-0.840934 2.58813 0.36 0.395939 0.468169
-0.975234 2.54057 0.36 0.378159 0.472923
-0.975234 2.54057 0.36 0.378159 0.472923
-0.840934 2.58813 0.36 0.395939 0.468169
-1.04691 2.72729 0.64 0.372934 0.405216
-0.840934 2.58813 0.36 0.395939 0.468169
-0.902738 2.77834 0.64 0.39152 0.399577
-1.04691 2.72729 0.64 0.372934 0.405216
-1.04691 2.72729 0.64 0.372934 0.405216
-0.902738 2.77834 0.64 0.39152 0.399577
-1.11858 2.914 1 0.366884 0.327711
-0.902738 2.77834 0.64 0.39152 0.399577
-0.964541 2.96855 1 0.386891 0.322766
-1.11858 2.914 1 0.366884 0.327711
-1.11858 2.914 1 0.366884 0.327711
-0.964541 2.96855 1 0.386891 0.322766
-1.19025 3.10072 1.44 0.363506 0.243409
-0.964541 2.96855 1 0.386891 0.322766
-1.02634 3.15876 1.44 0.383262 0.238928
-1.19025 3.10072 1.44 0.363506 0.243409
-1.19025 3.10072 1.44 0.363506 0.243409
-1.02634 3.15876 1.44 0.383262 0.238928
-1.26193 3.28744 1.96 0.360981 0.157625
-1.02634 3.15876 1.44 0.383262 0.238928
-1.08815 3.34897 1.96 0.381792 0.152784
-1.26193 3.28744 1.96 0.360981 0.157625
-0.325389 0.730836 -0 0.425355 0.920867
-0.286694 0.746864 -0 0.435057 0.916996
-0.406737 0.913545 -0 0.412096 0.858432
-0.286694 0.746864 -0 0.435057 0.916996
-0.358368 0.93358 -0 0.42339 0.853697
-0.406737 0.913545 -0 0.412096 0.858432
-0.406737 0.913545 -0 0.412096 0.858432
-0.358368 0.93358 -0 0.42339 0.853697
-0.488084 1.09625 -0 0.401856 0.801232
-0.358368 0.93358 -0 0.42339 0.853697
-0.430042 1.1203 -0 0.414694 0.79564
-0.488084 1.09625 -0 0.401856 0.801232
-0.488084 1.09625 -0 0.401856 0.801232
-0.430042 1.1203 -0 0.414694 0.79564
-0.569431 1.27896 -0 0.393737 0.750227
-0.430042 1.1203 -0 0.414694 0.79564
-0.501715 1.30701 -0 0.406991 0.745414
-0.569431 1.27896 -0 0.393737 0.750227
-0.569431 1.27896 -0 0.393737 0.750227
-0.501715 1.30701 -0 0.406991 0.745414
-0.650779 1.46167 -0 0.387674 0.705753
-0.501715 1.30701 -0 0.406991 0.745414
-0.573389 1.49373 -0 0.402316 0.700363
-0.650779 1.46167 -0 0.387674 0.705753
-0.650779 1.46167 -0 0.387674 0.705753
-0.573389 1.49373 -0 0.402316 0.700363
-0.732126 1.64438 -0 0.382402 0.668161
-0.573389 1.49373 -0 0.402316 0.700363
-0.645062 1.68044 -0 0.397171 0.662158
-0.732126 1.64438 -0 0.382402 0.668161
-0.732126 1.64438 -0 0.382402 0.668161
-0.645062 1.68044 -0 0.397171 0.662158
-0.944166 2.12063 0.04 0.372743 0.581138
-0.645062 1.68044 -0 0.397171 0.662158
-0.831887 2.16714 0.04 0.388905 0.57586
-0.944166 2.12063 0.04 0.372743 0.581138
-0.944166 2.12063 0.04 0.372743 0.581138
-0.831887 2.16714 0.04 0.388905 0.57586
-1.02551 2.30334 0.16 0.366497 0.536351
-0.831887 2.16714 0.04 0.388905 0.57586
-0.90356 2.35386 0.16 0.383729 0.530448
-1.02551 2.30334 0.16 0.366497 0.536351
-1.02551 2.30334 0.16 0.366497 0.536351
-0.90356 2.35386 0.16 0.383729 0.530448
-1.10686 2.48605 0.36 0.359982 0.47968
-0.90356 2.35386 0.16 0.383729 0.530448
-0.975234 2.54057 0.36 0.378159 0.472923
-1.10686 2.48605 0.36 0.359982 0.47968
-1.10686 2.48605 0.36 0.359982 0.47968
-0.975234 2.54057 0.36 0.378159 0.472923
-1.18821 2.66876 0.64 0.35408 0.41103
-0.975234 2.54057 0.36 0.378159 0.472923
-1.04691 2.72729 0.64 0.372934 0.405216
-1.18821 2.66876 0.64 0.35408 0.41103
-1.18821 2.66876 0.64 0.35408 0.41103
-1.04691 2.72729 0.64 0.372934 0.405216
-1.26956 2.85147 1 0.347844 0.332919
-1.04691 2.72729 0.64 0.372934 0.405216
-1.11858 2.914 1 0.366884 0.327711
-1.26956 2.85147 1 0.347844 0.332919
-1.26956 2.85147 1 0.347844 0.332919
-1.11858 2.914 1 0.366884 0.327711
-1.3509 3.03418 1.44 0.342803 0.248857
-1.11858 2.914 1 0.366884 0.327711
-1.19025 3.10072 1.44 0.363506 0.243409
-1.3509 3.03418 1.44 0.342803 0.248857
-1.3509 3.03418 1.44 0.342803 0.248857
-1.19025 3.10072 1.44 0.363506 0.243409
-1.43225 3.21689 1.96 0.341472 0.161876
-1.19025 3.10072 1.44 0.363506 0.243409
-1.26193 3.28744 1.96 0.360981 0.157625
-1.43225 3.21689 1.96 0.341472 0.161876
-0.406737 0.913545 -0 0.412096 0.858432
-0.488084 1.09625 -0 0.401856 0.801232
-0.544789 1.06921 -0 0.389477 0.806386
-0.544789 1.06921 -0 0.389477 0.806386
-0.488084 1.09625 -0 0.401856 0.801232
-0.635587 1.24741 -0 0.379991 0.756133
-0.488084 1.09625 -0 0.401856 0.801232
-0.569431 1.27896 -0 0.393737 0.750227
-0.635587 1.24741 -0 0.379991 0.756133
-0.635587 1.24741 -0 0.379991 0.756133
-0.569431 1.27896 -0 0.393737 0.750227
-0.726385 1.42561 -0 0.372618 0.712346
-0.569431 1.27896 -0 0.393737 0.750227
-0.650779 1.46167 -0 0.387674 0.705753
-0.726385 1.42561 -0 0.372618 0.712346
-0.726385 1.42561 -0 0.372618 0.712346
-0.650779 1.46167 -0 0.387674 0.705753
-0.817183 1.60381 -0 0.367124 0.673637
-0.650779 1.46167 -0 0.387674 0.705753
-0.732126 1.64438 -0 0.382402 0.668161
-0.817183 1.60381 -0 0.367124 0.673637
-0.817183 1.60381 -0 0.367124 0.673637
-0.732126 1.64438 -0 0.382402 0.668161
-1.05386 2.06831 0.04 0.356222 0.588063
-0.732126 1.64438 -0 0.382402 0.668161
-0.944166 2.12063 0.04 0.372743 0.581138
-1.05386 2.06831 0.04 0.356222 0.588063
-1.05386 2.06831 0.04 0.356222 0.588063
-0.944166 2.12063 0.04 0.372743 0.581138
-1.14466 2.24651 0.16 0.350053 0.542032
-0.944166 2.12063 0.04 0.372743 0.581138
-1.02551 2.30334 0.16 0.366497 0.536351
-1.14466 2.24651 0.16 0.350053 0.542032
-1.14466 2.24651 0.16 0.350053 0.542032
-1.02551 2.30334 0.16 0.366497 0.536351
-1.23545 2.42471 0.36 0.342692 0.486284
-1.02551 2.30334 0.16 0.366497 0.536351
-1.10686 2.48605 0.36 0.359982 0.47968
-1.23545 2.42471 0.36 0.342692 0.486284
-1.23545 2.42471 0.36 0.342692 0.486284
-1.10686 2.48605 0.36 0.359982 0.47968
-1.32625 2.60292 0.64 0.335104 0.41888
-1.10686 2.48605 0.36 0.359982 0.47968
-1.18821 2.66876 0.64 0.35408 0.41103
-1.32625 2.60292 0.64 0.335104 0.41888
-1.32625 2.60292 0.64 0.335104 0.41888
-1.18821 2.66876 0.64 0.35408 0.41103
-1.41705 2.78112 1 0.327765 0.340469
-1.18821 2.66876 0.64 0.35408 0.41103
-1.26956 2.85147 1 0.347844 0.332919
-1.41705 2.78112 1 0.327765 0.340469
-1.41705 2.78112 1 0.327765 0.340469
-1.26956 2.85147 1 0.347844 0.332919
-1.50785 2.95932 1.44 0.323334 0.254701
-1.26956 2.85147 1 0.347844 0.332919
-1.3509 3.03418 1.44 0.342803 0.248857
-1.50785 2.95932 1.44 0.323334 0.254701
-1.50785 2.95932 1.44 0.323334 0.254701
-1.3509 3.03418 1.44 0.342803 0.248857
-1.59865 3.13752 1.96 0.320656 0.167652
-1.3509 3.03418 1.44 0.342803 0.248857
-1.43225 3.21689 1.96 0.341472 0.161876
-1.59865 3.13752 1.96 0.320656 0.167652
-1.14466 2.24651 0.16 0.350053 0.542032
-1.23545 2.42471 0.36 0.342692 0.486284
-1.36066 2.35673 0.36 0.325327 0.492733
-1.36066 2.35673 0.36 0.325327 0.492733
-1.23545 2.42471 0.36 0.342692 0.486284
-1.46066 2.52994 0.64 0.316366 0.424875
-1.23545 2.42471 0.36 0.342692 0.486284
-1.32625 2.60292 0.64 0.335104 0.41888
-1.46066 2.52994 0.64 0.316366 0.424875
-1.46066 2.52994 0.64 0.316366 0.424875
-1.32625 2.60292 0.64 0.335104 0.41888
-1.56066 2.70314 1 0.308955 0.348098
-1.32625 2.60292 0.64 0.335104 0.41888
-1.41705 2.78112 1 0.327765 0.340469
-1.56066 2.70314 1 0.308955 0.348098
-1.56066 2.70314 1 0.308955 0.348098
-1.41705 2.78112 1 0.327765 0.340469
-1.66066 2.87635 1.44 0.30344 0.261415
-1.41705 2.78112 1 0.327765 0.340469
-1.50785 2.95932 1.44 0.323334 0.254701
-1.66066 2.87635 1.44 0.30344 0.261415
-1.66066 2.87635 1.44 0.30344 0.261415
-1.50785 2.95932 1.44 0.323334 0.254701
-1.76066 3.04955 1.96 0.300563 0.174258
-1.50785 2.95932 1.44 0.323334 0.254701
-1.59865 3.13752 1.96 0.320656 0.167652
-1.76066 3.04955 1.96 0.300563 0.174258
